0.750728
0.554194
0.495322
0.344601
0.331689
0.366244
0.528648
0.511276
0.256827
0.195846
0.704063
0.186448
0.732027
0.242156
0.829921
0.301643
0.35401
0.278259
0.279936
0.658178
0.686327
0.780209
0.328645
0.203391
0.0978567
0.434304
0.802172
0.430858
0.767617
0.180576
0.77179
0.638809
0.611959
0.588666
0.456678
0.670214
0.698636
0.426031
0.687866
0.61037
0.184053
0.180576
0.382431
0.420094
0.594136
0.144785
0.288292
0.248875
0.67052
0.194293
0.623022
0.303464
0.31744
0.635219
0.337246
0.739418
0.162756
0.425741
0.81939
0.434339
0.7246
0.475211
0.655161
0.630679
0.536291
0.608261
0.367641
0.292041
0.186227
0.663413
0.315653
0.698208
0.665788
0.705395
0.16114
0.753565
0.299609
0.56514
0.283401
0.603047
0.721344
0.727328
0.243376
0.64809
0.356578
0.437837
0.281749
0.705097
0.387457
0.733851
0.776806
0.391326
0.421353
0.804037
0.38408
0.210705
0.508094
0.561429
0.417329
0.59156
0.679202
0.289246
0.261167
0.283328
0.732358
0.830856
0.756084
0.365505
0.641065
0.353545
0.743489
0.0978567
0.677012
0.1908
0.830991
0.431607
0.687293
0.720491
0.690468
0.712158
0.509255
0.732357
0.670285
0.216757
0.225554
0.750728
0.59149
0.295282
0.763411
0.641501
0.807803
0.60054
0.248062
0.216757
0.723149
0.169155
0.432795
0.54022
0.20541
0.33648
0.495036
0.792123
0.808312
0.698356
0.788143
0.584136
0.234217
0.576858
0.682451
0.41401
0.821564
0.552812
0.753586
0.843476
0.18679
0.509934
0.302744
0.813613
0.632094
0.144709
0.184524
0.273469
0.409142
0.463507
0.702213
0.273469
0.491085
0.616003
0.589699
0.292979
0.816804
0.382402
0.589699
0.353301
0.692679
0.504317
0.751887
0.387502
0.772288
0.207199
0.49625
0.200748
0.70162
0.165185
0.661498
0.607346
0.671
0.581636
0.39553
0.531792
0.243941
0.245849
0.563508
0.872312
0.315168
0.259887
0.061889
0.277359
0.540017
0.813274
0.433548
0.284025
0.70317
0.729799
0.587802
0.537664
0.290152
0.672484
0.803268
0.592263
0.511276
0.778249
0.44612
0.347744
0.709001
0.47571
0.494926
0.325657
0.571466
0.78524
0.561796
0.332173
0.866309
0.748408
0.728718
0.650754
0.292041
0.712442
0.607346
0.206516
0.479713
0.437872
0.315818
0.762612
0.633091
0.244222
0.300366
0.461641
0.745057
0.459035
0.343597
0.288448
0.819899
0.139592
0.625753
0.694896
0.557434
0.81677
0.712218
0.545801
0.461908
0.261265
0.179977
0.286179
0.209024
0.317608
0.224606
0.27197
0.317127
0.320424
0.249689
0.297565
0.279964
0.146996
0.326913
0.200581
0.119694
0.122272
0.238142
0.31744
0.274975
0.254343
0.254343
0.208728
0.275652
0.253311
0.249029
0.274683
0.166953
0.132904
0.216308
0.281762
0.31378
0.301623
0.220052
0.130306
0.272389
0.284097
0.22031
0.29172
0.273069
0.274725
0.177983
0.198022
0.318593
0.287095
0.169799
0.3123
0.256447
0.306406
0.254343
0.233116
0.231995
0.190876
0.190249
0.274009
0.317127
0.169155
0.301851
0.238026
0.270182
0.272018
0.236141
0.297246
0.203193
0.191636
0.324515
0.0903123
0.299554
0.113265
0.324807
0.275088
0.274117
0.270182
0.167773
0.111405
0.300366
0.0978567
0.0883036
0.0913489
0.088953
0.0242
-0.00716611
-0.0124577
-0.0124577
-0.0124577
-0.00716611
-0.00716611
-0.00716611
0.0242
0.0216129
0.0120039
0.0120039
0.0216129
0.0216129
0.067753
0.0440468
0.0857933
0.210904
0.241727
0.198986
0.262334
0.306406
0.258653
0.181159
0.248353
0.275426
0.154651
0.304698
0.292979
0.325657
0.245201
0.295584
0.220326
0.223456
0.325409
0.291202
0.285346
0.317965
0.28729
0.224868
0.254885
0.210659
0.321937
0.128742
0.322824
0.24468
0.204407
0.305978
0.273479
0.230708
0.24252
0.252483
0.257121
0.242566
0.315653
0.278546
0.221403
0.29739
0.295844
0.263627
0.18135
0.181551
0.274873
0.322176
0.242085
0.326299
0.299413
0.182357
0.192541
0.288292
0.166283
0.2232
0.281762
0.253883
0.197556
0.255725
0.30136
0.195786
0.164083
0.311565
0.264289
0.28571
0.304119
0.238523
0.230681
0.145225
0.233116
0.236453
0.290371
0.31598
0.156545
0.123685
0.167898
0.169858
0.141482
0.110385
0.144709
0.156334
0.129829
0.131739
0.16235
0.101664
0.125484
0.101931
0.102513
0.102154
0.101931
0.103198
0.106455
0.109483
0.112825
0.124098
0.11146
0.110385
0.113265
0.11952
0.120741
0.118461
0.120854
0.159435
0.166306
0.158406
0.16235
0.13324
0.135186
0.168829
0.132904
0.167591
0.154651
0.136704
0.15446
0.129829
0.15446
0.141682
0.1454
0.12672
0.130136
0.134026
0.1429
0.143485
0.156334
0.15626
0.151242
0.156545
0.158358
0.175544
0.171962
0.171977
0.175707
0.16211
0.16211
0.16114
0.165162
0.169858
0.17167
0.171352
0.166618
0.168829
0.172287
0.175736
0.20316
0.231029
0.30526
0.288909
0.250807
0.238958
0.30916
0.303464
0.32282
0.282661
0.309685
0.296278
0.211393
0.301643
0.327833
0.188187
0.198022
0.224621
0.271912
0.181765
0.32256
0.278322
0.190582
0.18906
0.224757
0.286791
0.187399
0.312909
0.306946
0.318403
0.260983
0.241727
0.249742
0.211341
0.230657
0.297189
0.22004
0.182095
0.310032
0.319929
0.23292
0.255818
0.224606
0.323183
0.282506
0.287095
0.324808
0.211341
0.254098
0.182095
0.227499
0.291498
0.247462
0.255919
0.317608
0.276238
0.266218
0.257652
0.272455
0.278322
0.189749
0.255872
0.222904
0.277713
0.212853
0.272455
0.230721
0.261167
0.198412
0.196566
0.187435
0.212655
0.244334
0.258128
0.248411
0.253694
0.265527
0.196073
0.237711
0.179041
0.274975
0.217138
0.251647
0.184586
0.206151
0.230768
0.214276
0.205763
0.190249
0.271912
0.182015
0.204913
0.194502
0.190582
0.258344
0.25318
0.27254
0.270001
0.275426
0.200129
0.220128
0.187536
0.210948
0.243663
0.231121
0.189134
0.194285
0.195109
0.200129
0.190521
0.209264
0.237815
0.229351
0.214261
0.241534
0.239093
0.233722
0.225554
0.224606
0.226309
0.195879
0.205324
0.209125
0.201722
0.179772
0.207846
0.180482
0.209328
0.190466
0.190521
0.216308
0.177715
0.20777
0.219614
0.194395
0.206103
0.198022
0.185035
0.202618
0.196566
0.19662
0.204266
0.180646
0.184659
0.212261
0.220343
0.214261
0.209024
0.210463
0.225409
0.244217
0.230721
0.222603
0.237618
0.230918
0.23596
0.223283
0.234472
0.229109
0.232578
0.230033
0.231933
0.233151
0.230657
0.243376
0.237711
0.237618
0.243663
0.264324
0.262912
0.2639
0.254885
0.274512
0.265527
0.251712
0.26648
0.274009
0.265894
0.252042
0.273069
0.26773
0.274074
0.259883
0.253248
0.251163
0.248904
0.248562
0.253874
0.245053
0.247254
0.253694
0.250908
0.253694
0.250867
0.276452
0.273991
0.258202
0.259883
0.27683
0.257538
0.275424
0.256282
0.261638
0.263832
0.261167
0.262247
0.255872
0.262334
0.265527
0.264469
0.277489
0.274725
0.263332
0.269072
0.273024
0.305682
0.314339
0.285346
0.304327
0.306406
0.307479
0.300366
0.315714
0.284078
0.301056
0.312159
0.300028
0.320322
0.30694
0.320549
0.325466
0.327605
0.315978
0.292942
0.307571
0.306827
0.311533
0.324634
0.322647
0.322182
0.30294
0.292581
0.289989
0.293934
0.288513
0.284165
0.281782
0.288367
0.286027
0.294148
0.279964
0.283744
0.279267
0.278322
0.283825
0.280289
0.286502
0.294343
0.29288
0.28655
0.292985
0.28729
0.284165
0.284452
0.285473
0.287777
0.294426
0.294919
0.293771
0.297065
0.323183
0.311733
0.322182
0.320223
0.30136
0.324841
0.3286
0.299413
0.299729
0.324515
0.326133
0.305249
0.321985
0.313845
0.31885
0.321985
0.299931
0.315168
0.297317
0.317377
0.303988
0.306406
0.306415
0.311283
0.307511
0.305978
0.305108
0.310651
0.297246
0.300294
0.299738
0.297246
0.309511
0.309511
0.311533
0.305247
0.316941
0.312159
0.307235
0.310619
0.314289
0.324634
0.320994
0.317725
0.321937
0.322109
0.324807
0.319193
0.321158
0.317758
0.324725
0.327066
0.327066
0.793769
0.725412
0.352574
0.689558
0.6581
0.702568
0.679908
0.681597
0.741502
0.854503
0.364058
0.337632
0.840799
0.338462
0.730168
0.33683
0.461978
0.439666
0.623905
0.719348
0.421254
0.722169
0.899359
0.585448
0.689219
0.603217
0.613341
0.475357
0.709213
0.786162
0.791169
0.617476
0.365054
0.360314
0.374672
0.734939
0.638662
0.41401
0.846566
0.78865
0.645387
0.754477
0.618559
0.642791
0.62254
0.388726
0.554347
0.692761
0.396304
0.581386
0.866309
0.783818
0.481133
0.813613
0.749957
0.444107
0.350958
0.666311
0.715091
0.639205
0.339985
0.641244
0.73859
0.550809
0.508781
0.550809
0.844798
0.44401
0.530486
0.7753
0.713182
0.751724
0.528214
0.629125
0.642223
0.561686
0.849029
0.391132
0.756896
0.594106
0.442875
0.731588
0.692682
0.351941
0.696326
0.727449
0.468157
0.748478
0.78524
0.585951
0.612931
0.755962
0.792012
0.672183
0.434519
0.784271
0.689887
0.417073
0.390462
0.333381
0.913967
0.353849
0.340338
0.675288
0.369328
0.732039
0.861393
0.438898
0.417073
0.640122
0.531792
0.409736
0.672183
0.893459
0.504317
0.580717
0.358784
0.745807
0.471012
0.633621
0.463507
0.753215
0.664061
0.464255
0.77294
0.591769
0.343097
0.383092
0.335784
0.457537
0.771339
0.574152
0.788519
0.620528
0.466171
0.718155
0.853171
0.57319
0.333381
0.763902
0.724437
0.771234
0.668976
0.358483
0.721516
0.358226
0.561429
0.431023
0.802933
0.588223
0.381261
0.675388
0.793648
0.420674
0.670052
0.81337
0.790725
0.727328
0.601093
0.707673
0.630102
0.638128
0.722977
0.771339
0.748152
0.367641
0.789966
0.724602
0.481849
0.767104
0.717708
0.449751
0.389498
0.926269
0.375865
0.783015
0.468157
0.669252
0.546261
0.77605
0.632475
0.708478
0.642791
0.634523
0.688732
0.762591
0.55869
0.653927
0.372623
0.420423
0.454146
0.547248
0.717521
0.350791
0.775365
0.468585
0.651478
0.719119
0.776348
0.342729
0.69971
0.780717
0.706013
0.568169
0.41827
0.772123
0.770518
0.442942
0.340986
0.358161
0.454146
0.629369
0.632094
0.359981
0.34881
0.453858
0.663744
0.776088
0.715468
0.405338
0.750728
0.602342
0.699289
0.705097
0.67434
0.365054
0.646463
0.706013
0.344458
0.753023
0.760963
0.691148
0.368736
0.755796
0.551965
0.339158
0.408039
0.700027
0.489683
0.778862
0.506376
0.576269
0.399784
0.437796
0.357035
0.391999
0.757035
0.556479
0.709506
0.689515
0.72953
0.42409
0.432643
0.609986
0.735286
0.437963
0.734449
0.650625
0.751164
0.608261
0.781376
0.778862
0.71524
0.572196
0.51423
0.759415
0.440474
0.361658
0.726414
0.383195
0.340011
0.735889
0.357035
0.352273
0.39553
0.700352
0.731709
0.735351
0.689558
0.58523
0.663744
0.351674
0.763544
0.398627
0.688583
0.486153
0.613967
0.391645
0.722772
0.398717
0.724018
0.714806
0.780669
0.753215
0.359229
0.771234
0.680297
0.560874
0.430858
0.671722
0.767553
0.754586
0.566612
0.691213
0.392652
0.67246
0.688208
0.658861
0.688857
0.780581
0.68779
0.749073
0.437796
0.646034
0.74853
0.636555
0.41827
0.346797
0.444107
0.718842
0.474649
0.713907
0.612319
0.62741
0.429801
0.352574
0.48391
0.615954
0.61456
0.339258
0.385498
0.332495
0.403951
0.576871
0.583908
0.422932
0.344276
0.351801
0.622506
0.439522
0.617451
0.340769
0.554435
0.548122
0.601093
0.573687
0.329481
0.541029
0.620882
0.363694
0.352045
0.438182
0.532135
0.388064
0.420991
0.623123
0.614841
0.333381
0.450458
0.362782
0.62928
0.414649
0.388152
0.347426
0.373664
0.598895
0.489683
0.361041
0.580393
0.625689
0.393858
0.631099
0.422864
0.366892
0.543288
0.333381
0.422305
0.577926
0.489417
0.603217
0.528793
0.335587
0.35554
0.427542
0.423876
0.628649
0.344276
0.422827
0.430488
0.421289
0.629794
0.573693
0.576269
0.620501
0.422878
0.361041
0.606043
0.56504
0.573693
0.338944
0.407656
0.491957
0.385001
0.389498
0.368137
0.417073
0.386506
0.337835
0.341334
0.380699
0.387598
0.333234
0.382809
0.410898
0.358784
0.351674
0.354665
0.342501
0.394253
0.398416
0.340186
0.419716
0.415804
0.337835
0.340677
0.379428
0.397926
0.37655
0.348909
0.362576
0.37655
0.376745
0.337332
0.379476
0.370207
0.365738
0.355222
0.389303
0.353407
0.355287
0.336853
0.366244
0.371689
0.395207
0.35688
0.387502
0.378597
0.385001
0.352244
0.395207
0.355841
0.38816
0.381332
0.363694
0.335523
0.371036
0.395207
0.358483
0.382269
0.38408
0.389837
0.344478
0.3779
0.356448
0.384645
0.334517
0.344924
0.342501
0.329758
0.344924
0.331865
0.329056
0.329735
0.343597
0.331898
0.329758
0.347744
0.329056
0.329177
0.332027
0.334782
0.344458
0.348755
0.340186
0.339158
0.345621
0.337835
0.33648
0.388541
0.352643
0.379428
0.365111
0.362385
0.391677
0.379475
0.352057
0.352574
0.358643
0.357614
0.361155
0.358973
0.387457
0.381496
0.371588
0.35496
0.356602
0.351814
0.363421
0.361155
0.354665
0.361162
0.35496
0.360545
0.372987
0.391326
0.387208
0.379497
0.39091
0.377115
0.387457
0.38816
0.395165
0.378597
0.379475
0.366557
0.420991
0.419492
0.398397
0.396992
0.422864
0.40245
0.41001
0.419492
0.397926
0.403842
0.398397
0.404897
0.397338
0.400485
0.407352
0.40496
0.411033
0.417373
0.419427
0.418633
0.416188
0.41796
0.41827
0.41827
0.407499
0.407961
0.421125
0.411786
0.422523
0.429801
0.568873
0.550659
0.558224
0.61557
0.611724
0.510994
0.48391
0.581252
0.613684
0.490383
0.545801
0.437837
0.617796
0.465318
0.61537
0.624255
0.582567
0.59005
0.607951
0.630102
0.627255
0.609603
0.595207
0.544901
0.492435
0.571997
0.452478
0.493512
0.582137
0.566612
0.581252
0.576871
0.437585
0.59638
0.628697
0.54187
0.558224
0.528214
0.582933
0.61566
0.591769
0.455218
0.546105
0.520989
0.476036
0.526574
0.480222
0.457188
0.509255
0.562451
0.504317
0.520783
0.558224
0.479713
0.432233
0.440561
0.556354
0.536151
0.519267
0.437963
0.474855
0.539588
0.473735
0.552082
0.527418
0.468881
0.437872
0.466453
0.452519
0.512218
0.446165
0.443327
0.478309
0.482349
0.431107
0.518343
0.452478
0.445317
0.431153
0.438579
0.51423
0.439243
0.4406
0.44851
0.454629
0.434519
0.452897
0.453869
0.476569
0.481517
0.491085
0.50769
0.516571
0.464255
0.461216
0.480222
0.481849
0.554194
0.540017
0.551711
0.526568
0.552819
0.549209
0.552356
0.550659
0.532315
0.532992
0.529534
0.561737
0.55916
0.554194
0.56442
0.546261
0.557261
0.598917
0.596867
0.620293
0.623078
0.588666
0.617476
0.625312
0.629071
0.566845
0.623963
0.601999
0.603047
0.598366
0.581252
0.615657
0.581386
0.568491
0.596026
0.582137
0.572314
0.582431
0.566612
0.578187
0.581252
0.586633
0.566512
0.567496
0.580393
0.58418
0.584691
0.583908
0.623233
0.589398
0.601152
0.588666
0.605402
0.604685
0.608261
0.620501
0.592263
0.603047
0.595773
0.607918
0.620856
0.608907
0.587475
0.595317
0.601152
0.615469
0.606579
0.61537
0.602093
0.611959
0.592171
0.629522
0.6217
0.624836
0.624255
0.626817
0.750791
0.733851
0.744209
0.668765
0.667975
0.736362
0.756118
0.639324
0.677076
0.636611
0.743979
0.692392
0.736888
0.758714
0.719499
0.674269
0.653067
0.738048
0.747049
0.782792
0.742372
0.767999
0.646663
0.695038
0.772628
0.644935
0.67396
0.746279
0.752553
0.771339
0.778437
0.709506
0.769801
0.73982
0.771227
0.721329
0.678786
0.645148
0.681782
0.71804
0.777401
0.668976
0.666061
0.767553
0.639324
0.688732
0.705342
0.758499
0.688549
0.770271
0.640122
0.735115
0.718825
0.695157
0.728718
0.73926
0.650026
0.7327
0.686327
0.667781
0.770518
0.689638
0.70553
0.715402
0.724179
0.778437
0.705753
0.70643
0.738987
0.729981
0.657779
0.709001
0.693572
0.719573
0.682698
0.719684
0.698345
0.700857
0.726691
0.68992
0.698337
0.669517
0.714752
0.717797
0.666023
0.680354
0.63951
0.684646
0.704617
0.70272
0.697772
0.705395
0.707386
0.698745
0.681363
0.643195
0.669386
0.653086
0.733153
0.717371
0.671868
0.68992
0.677006
0.692079
0.668765
0.716946
0.670859
0.689135
0.664444
0.703531
0.671125
0.681649
0.634217
0.677851
0.676473
0.717232
0.678423
0.729552
0.654345
0.689135
0.670859
0.658052
0.633923
0.647889
0.665788
0.658894
0.64154
0.641264
0.665196
0.651845
0.636507
0.658894
0.641805
0.664323
0.638114
0.641034
0.643225
0.633244
0.641065
0.638024
0.635864
0.633923
0.635879
0.639205
0.643189
0.641034
0.646034
0.655161
0.663605
0.662141
0.646391
0.648268
0.644454
0.650026
0.657779
0.655326
0.644675
0.650754
0.646327
0.649747
0.663305
0.660248
0.658616
0.659245
0.651398
0.657779
0.685946
0.667794
0.698862
0.669386
0.706129
0.692965
0.707546
0.688208
0.690909
0.731398
0.672938
0.709392
0.689558
0.6881
0.712405
0.688643
0.681363
0.689617
0.72519
0.706001
0.709506
0.704199
0.714931
0.712532
0.709318
0.689558
0.728686
0.701336
0.686979
0.693594
0.721863
0.709247
0.707974
0.700445
0.708022
0.67515
0.678423
0.672334
0.708338
0.709318
0.672889
0.710559
0.680354
0.705395
0.668976
0.672189
0.68129
0.703817
0.704744
0.667781
0.671125
0.671
0.696456
0.666909
0.681649
0.70162
0.678915
0.700793
0.688643
0.66717
0.679997
0.680349
0.674148
0.669498
0.671791
0.669873
0.669287
0.701336
0.694916
0.686776
0.689495
0.687638
0.696394
0.698745
0.702213
0.703041
0.696358
0.687281
0.705097
0.694844
0.690544
0.705004
0.68183
0.723143
0.730574
0.725196
0.725713
0.723858
0.728686
0.713483
0.71156
0.719501
0.727563
0.717274
0.731274
0.716038
0.71392
0.712218
0.715798
0.718173
0.731179
0.725313
0.73323
0.733153
0.731709
0.721218
0.726988
0.724602
0.75526
0.749335
0.770533
0.779234
0.773106
0.742071
0.757694
0.73853
0.767221
0.780414
0.776643
0.76056
0.783208
0.749002
0.773106
0.734237
0.77179
0.754484
0.748392
0.751411
0.737428
0.775928
0.738551
0.738147
0.743489
0.75673
0.738837
0.740534
0.756396
0.751064
0.750688
0.748353
0.766018
0.750688
0.754586
0.76435
0.741926
0.73853
0.736362
0.736074
0.743979
0.73853
0.738408
0.743979
0.741789
0.738118
0.733424
0.733352
0.741816
0.738408
0.742071
0.742611
0.750645
0.756529
0.745057
0.759643
0.765585
0.761631
0.754616
0.745687
0.754779
0.763177
0.75673
0.751511
0.747432
0.747783
0.751511
0.763133
0.763133
0.757035
0.756286
0.766117
0.756118
0.756118
0.781376
0.769971
0.769734
0.780621
0.781473
0.770271
0.783367
0.771594
0.774183
0.773355
0.774027
0.767842
0.772628
0.773106
0.772288
0.777638
0.776145
0.780806
0.780894
0.781594
0.779942
0.780717
0.782162
0.824503
0.82341
0.82341
0.876258
0.803268
0.866763
0.819443
0.852439
0.826521
0.814828
0.829921
0.831179
0.788414
0.867411
0.808038
0.821477
0.876258
0.811802
0.839329
0.797056
0.868167
0.808641
0.849029
0.856259
0.819895
0.835108
0.836813
0.829921
0.808038
0.838841
0.846255
0.845524
0.836754
0.784047
0.813077
0.814467
0.813691
0.872312
0.818098
0.794577
0.839939
0.873779
0.808641
0.816873
0.89259
0.835696
0.846766
0.802652
0.815824
0.822731
0.79601
0.80389
0.860922
0.793296
0.833642
0.806594
0.812762
0.836813
0.878148
0.802645
0.824503
0.854503
0.829921
0.803987
0.868536
0.854058
0.785725
0.817075
0.795085
0.791875
0.844138
0.82341
0.800341
0.790725
0.801976
0.822427
0.810614
0.845535
0.808641
0.787304
0.803334
0.823262
0.804343
0.803268
0.819913
0.820473
0.802933
0.810614
0.804343
0.791067
0.791067
0.828643
0.839487
0.802172
0.785456
0.78595
0.784316
0.810274
0.804158
0.787052
0.817984
0.804634
0.784316
0.789807
0.804634
0.810614
0.79938
0.78822
0.802224
0.79601
0.788414
0.78524
0.795976
0.796386
0.788821
0.803268
0.78822
0.80346
0.803131
0.792029
0.790522
0.818795
0.820962
0.822427
0.820988
0.825445
0.83013
0.844798
0.84123
0.845384
0.835696
0.83013
0.831156
0.847468
0.845524
0.880317
0.856677
0.864649
0.858934
0.860303
0.854691
0.855567
0.858076
0.852879
0.860922
0.877777
0.879543
0.881549
0.877531
0.86917
0.86917
0.877777
0.8772
0.893459
0.898605
0.899205
0.88698
0.887854
0.888633
0.886488
0.890207
0.890851
0.893459
0.899359
0.904622
0.905988
0.905988
0.902192
0.905988
0.928492
0.918046
0.928492
0.953743
0.936241
0.936241
0.936241
0.936241
0.936983
0.947868
0.947868
0.947868
0.958771
0.955767
0.976995
0.976995
0.960854
0.960854
0.976995
0.976995
0.97891
0.97891
0.979586
0.988709
0.999574
1.01129
