0 0.03125 0.00096 3
0.5 0.53125 0.00352 11
0.75 0.765625 3.96928 6202
0.625 0.632812 0.56448 441
0.875 0.882812 0.32256 252
0.8125 0.820312 1.96992 1539
0.25 0.28125 2.62912 8216
0.375 0.382812 0.46976 367
0.125 0.132812 0.19712 154
0.6875 0.695312 2.5984 2030
0.1875 0.195312 1.18016 922
0.5625 0.578125 0.05184 81
0.3125 0.328125 1.7312 2705
0.84375 0.851562 0.96896 757
0.4375 0.453125 0.02752 43
0.65625 0.664062 1.48992 1164
0.9375 0.96875 0.01312 41
0.34375 0.351562 0.99584 778
0.0625 0.078125 0.01536 24
0.78125 0.796875 3.02528 4727
0.15625 0.164062 0.55424 433
0.40625 0.421875 0.12544 196
0.59375 0.609375 0.23488 367
0.21875 0.234375 2.13888 3342
0.90625 0.921875 0.07808 122
0.640625 0.648438 1.00224 783
0.71875 0.75 3.864 12075
0.09375 0.101562 0.04736 37
0.203125 0.210938 1.7152 1340
0.828125 0.835938 1.42336 1112
0.359375 0.367188 0.64512 504
0.171875 0.179688 0.92544 723
0.796875 0.804688 2.61376 2042
0.328125 0.335938 1.38752 1084
0.859375 0.867188 0.6144 480
0.390625 0.398438 0.24576 192
0.671875 0.679688 2.0096 1570
0.109375 0.117188 0.12928 101
0.609375 0.617188 0.35712 279
0.140625 0.148438 0.3584 280
0.703125 0.710938 3.1552 2465
0.695312 0.703125 3.13344 2448
0.632812 0.640625 0.8128 635
0.421875 0.4375 0.05056 79
0.28125 0.296875 2.45696 3839
0.765625 0.78125 3.48544 5446
0.578125 0.59375 0.1184 185
0.46875 0.5 0.00352 11
0.296875 0.3125 2.14976 3359
0.921875 0.9375 0.03072 48
0.804688 0.8125 2.20288 1721
0.890625 0.90625 0.16128 252
0.234375 0.25 2.45696 3839
0.132812 0.140625 0.29056 227
0.710938 0.71875 3.54304 2768
0.164062 0.171875 0.7616 595
0.96875 1 0.00224 7
0.664062 0.671875 1.80736 1412
0.851562 0.859375 0.74112 579
0.195312 0.203125 1.4592 1140
0.617188 0.625 0.48896 382
0.648438 0.65625 1.25824 983
0.867188 0.875 0.44288 346
0.882812 0.890625 0.21248 166
0.101562 0.109375 0.08704 68
0.117188 0.125 0.21504 168
0.351562 0.359375 0.80384 628
0.382812 0.390625 0.32768 256
0.335938 0.34375 1.16736 912
0.53125 0.546875 0.00512 8
0.078125 0.09375 0.03456 54
0.679688 0.6875 2.3232 1815
0.210938 0.21875 1.9904 1555
0.148438 0.15625 0.4864 380
0.03125 0.0625 0.0064 20
0.835938 0.84375 1.18144 923
0.367188 0.375 0.5184 405
0.820312 0.828125 1.70624 1333
0.546875 0.5625 0.0192 30
0.453125 0.46875 0.01024 16
0.179688 0.1875 1.07904 843
0.398438 0.40625 0.1728 135
