0 0.0625 0.0112 7
0.5 0.5625 1.192 745
0.75 0.78125 2.7776 868
0.25 0.28125 0.6624 207
0.875 0.90625 0.1216 38
0.625 0.65625 1.536 480
0.8125 0.828125 1.1584 181
0.6875 0.75 3.0448 1903
0.125 0.140625 0.0512 8
0.1875 0.25 0.3968 248
0.375 0.5 1.5536 1942
0.84375 0.859375 0.4864 76
0.3125 0.375 1.296 810
0.9375 1 0.0032 2
0.78125 0.8125 1.8912 591
0.15625 0.1875 0.1888 59
0.65625 0.6875 2.2624 707
0.28125 0.3125 0.96 300
0.0625 0.125 0.0496 31
0.140625 0.15625 0.1728 27
0.90625 0.9375 0.032 10
0.5625 0.625 0.9632 602
0.828125 0.84375 0.7616 119
0.859375 0.875 0.2496 39
