0 0.125 0.0056 7
0.5 0.5625 3.1216 1951
0.25 0.28125 0.3968 124
0.75 0.78125 0.64 200
0.375 0.40625 1.6544 517
0.125 0.15625 0.0384 12
0.625 0.65625 2.1152 661
0.875 0.9375 0.0464 29
0.3125 0.34375 0.9216 288
0.8125 0.84375 0.2176 68
0.1875 0.21875 0.128 40
0.4375 0.5 2.6512 1657
0.6875 0.71875 1.4368 449
0.21875 0.25 0.2816 88
0.5625 0.59375 2.8256 883
0.78125 0.8125 0.384 120
0.71875 0.75 0.9632 301
0.40625 0.4375 2.1664 677
0.65625 0.671875 1.824 285
0.84375 0.875 0.1024 32
0.28125 0.296875 0.48 75
0.59375 0.625 2.4384 762
0.34375 0.375 1.2704 397
0.671875 0.6875 1.408 220
0.296875 0.3125 0.7552 118
0.15625 0.171875 0.0384 6
0.171875 0.179688 0.0384 3
0.9375 1 0.0192 12
0.179688 0.1875 0.2304 18
