0.080726 0.496113 0.197647 0.351849 0.000156119 1
0.496113 0.911499 0.197647 0.216922 0.0112406 9
0.496113 0.548036 0.506051 0.515689 0 0
0.080726 0.132649 0.506051 0.660254 0.0262281 21
0.496113 0.548036 0.351849 0.42895 0.0699415 28
0.080726 0.132649 0.660254 0.679529 0.00999164 1
0.703806 0.716787 0.351849 0.371125 28.8159 721
0.599959 0.60645 0.351849 0.42895 4.69607 235
0.807652 0.814143 0.351849 0.42895 2.63779 132
0.288419 0.340343 0.506051 0.515689 4.73604 237
0.392266 0.398756 0.506051 0.544602 1.6786 42
0.184573 0.197553 0.506051 0.544602 0.799331 40
0.496113 0.599959 0.274748 0.294023 0.0599499 12
0.080726 0.184573 0.737355 0.75663 0 0
0.651882 0.658373 0.351849 0.3904 20.1432 504
0.755729 0.76871 0.351849 0.371125 12.1498 304
0.236496 0.262458 0.506051 0.525327 3.51706 176
0.496113 0.548036 0.313299 0.332574 0.0199833 2
0.703806 0.729767 0.42895 0.448226 25.4987 1276
0.340343 0.366304 0.506051 0.525327 3.57701 179
0.651882 0.664863 0.42895 0.438588 18.9442 237
0.496113 0.911499 0.660254 0.814456 0.000312239 2
0.080726 0.496113 0.351849 0.3904 0 0
0.080726 0.132649 0.698804 0.708442 0 0
0.080726 0.184573 0.42895 0.448226 0.00499582 1
0.651882 0.703806 0.467501 0.486776 10.6611 1067
0.496113 0.703806 0.583153 0.660254 0.000624478 1
0.548036 0.561017 0.351849 0.506051 0.324728 65
0.703806 0.729767 0.467501 0.477139 12.7094 318
0.625921 0.632411 0.351849 0.3904 11.5104 288
0.444189 0.470151 0.506051 0.583153 0.0649457 13
0.781691 0.794672 0.351849 0.371125 5.39549 135
0.080726 0.184573 0.467501 0.477139 0.00999164 1
0.366304 0.379285 0.506051 0.525327 2.23813 56
0.496113 0.599959 0.544602 0.563877 0.00999164 2
0.288419 0.340343 0.583153 0.602428 23.5703 2359
0.288419 0.340343 0.544602 0.563877 15.8667 1588
0.236496 0.242986 0.583153 0.621703 10.1515 254
0.236496 0.249477 0.544602 0.583153 9.85176 493
0.859576 0.885537 0.351849 0.42895 0.134887 27
0.210534 0.236496 0.506051 0.525327 1.63863 82
0.755729 0.76871 0.42895 0.448226 13.149 329
0.573997 0.586978 0.351849 0.42895 1.98834 199
0.625921 0.638902 0.42895 0.448226 12.1099 303
0.496113 0.522074 0.332574 0.351849 0 0
0.132649 0.14563 0.506051 0.583153 0.00999164 1
0.080726 0.184573 0.679529 0.698804 0.054954 11
0.418228 0.431208 0.506051 0.544602 0.319733 16
0.496113 0.548036 0.294023 0.313299 0.0199833 2
0.496113 0.599959 0.236198 0.255473 0.0199833 4
0.625921 0.651882 0.467501 0.486776 5.975 299
0.755729 0.76871 0.467501 0.486776 5.87509 147
0.833614 0.846595 0.351849 0.42895 0.709407 71
0.599959 0.60645 0.42895 0.467501 3.47709 87
0.080726 0.132649 0.486776 0.506051 0 0
0.781691 0.794672 0.42895 0.467501 5.15569 258
0.262458 0.275438 0.583153 0.621703 20.303 1016
0.651882 0.703806 0.486776 0.496414 5.81514 291
0.729767 0.742748 0.351849 0.371125 20.9425 524
0.288419 0.314381 0.621703 0.631341 23.4604 587
0.599959 0.625921 0.467501 0.486776 2.49791 125
0.158611 0.171592 0.506051 0.660254 0.439632 88
0.496113 0.599959 0.525327 0.534964 0.0199833 2
0.340343 0.353323 0.583153 0.621703 16.1265 807
0.340343 0.366304 0.544602 0.563877 9.11238 456
0.677844 0.703806 0.351849 0.371125 27.6369 1383
0.080726 0.184573 0.71808 0.727717 0.00999164 1
0.288419 0.314381 0.525327 0.544602 11.2106 561
0.703806 0.729767 0.486776 0.506051 6.53453 327
0.288419 0.340343 0.679529 0.698804 4.84595 485
0.184573 0.210534 0.679529 0.698804 0.679432 34
0.496113 0.911499 0.216922 0.236198 0.0224812 18
0.288419 0.314381 0.602428 0.621703 24.7593 1239
0.703806 0.755729 0.313299 0.322936 7.47375 374
0.599959 0.61294 0.313299 0.332574 1.75853 44
0.807652 0.833614 0.313299 0.332574 0.699415 35
0.703806 0.716787 0.322936 0.332574 14.5478 182
0.703806 0.729767 0.332574 0.342212 16.9858 425
0.599959 0.61294 0.332574 0.351849 2.91756 73
0.807652 0.833614 0.332574 0.351849 1.11906 56
0.392266 0.418228 0.679529 0.698804 0.779348 39
0.755729 0.781691 0.332574 0.342212 6.31472 158
0.651882 0.677844 0.332574 0.351849 14.4079 721
0.288419 0.340343 0.660254 0.665073 12.1498 304
0.392266 0.418228 0.660254 0.679529 1.23896 62
0.184573 0.210534 0.660254 0.679529 1.199 60
0.236496 0.249477 0.660254 0.679529 4.71606 118
0.651882 0.703806 0.313299 0.322936 8.67275 434
0.340343 0.366304 0.660254 0.669891 5.83512 146
0.755729 0.781691 0.322936 0.332574 5.91505 148
0.236496 0.262458 0.679529 0.698804 2.91756 146
0.781691 0.807652 0.467501 0.486776 1.95836 98
0.625921 0.638902 0.332574 0.351849 8.15318 204
0.548036 0.573997 0.332574 0.351849 0.479599 24
0.080726 0.496113 0.775905 0.814456 0.0056203 9
0.210534 0.217025 0.583153 0.660254 4.37634 219
0.210534 0.223515 0.544602 0.583153 4.8959 245
0.262458 0.288419 0.621703 0.640978 18.4845 925
0.340343 0.366304 0.679529 0.698804 2.79766 140
0.379285 0.392266 0.506051 0.544602 2.09824 105
0.729767 0.755729 0.42895 0.438588 18.8642 472
0.755729 0.781691 0.313299 0.322936 3.99666 100
0.288419 0.340343 0.640978 0.650616 15.3072 766
0.444189 0.496113 0.660254 0.679529 0.0299749 3
0.61294 0.625921 0.351849 0.42895 9.64193 965
0.651882 0.677844 0.448226 0.467501 15.9267 797
0.496113 0.548036 0.255473 0.274748 0 0
0.236496 0.249477 0.525327 0.544602 5.31555 133
0.859576 0.911499 0.332574 0.351849 0.00999164 1
0.573997 0.580488 0.42895 0.467501 1.15903 29
0.249477 0.255967 0.583153 0.621703 15.2273 381
0.197553 0.210534 0.506051 0.544602 1.15903 58
0.76871 0.7752 0.351849 0.42895 12.1299 607
0.262458 0.275438 0.544602 0.55424 11.0308 138
0.405247 0.418228 0.506051 0.544602 0.639465 32
0.573997 0.599959 0.467501 0.506051 0.739382 74
0.781691 0.794672 0.332574 0.351849 4.27642 107
0.625921 0.651882 0.313299 0.322936 4.63612 116
0.171592 0.178082 0.506051 0.660254 0.879265 88
0.288419 0.340343 0.563877 0.583153 20.7426 2076
0.794672 0.801162 0.351849 0.42895 5.35552 268
0.729767 0.742748 0.332574 0.351849 14.4279 361
0.080726 0.184573 0.448226 0.467501 0.00499582 1
0.288419 0.340343 0.698804 0.71808 2.388 239
0.392266 0.418228 0.698804 0.71808 0.319733 16
0.703806 0.755729 0.294023 0.303661 3.65694 183
0.599959 0.625921 0.294023 0.313299 1.57868 79
0.755729 0.781691 0.486776 0.506051 2.49791 125
0.703806 0.807652 0.583153 0.660254 0.00499582 4
0.392266 0.405247 0.583153 0.621703 3.69691 185
0.288419 0.340343 0.486776 0.496414 2.29808 115
0.807652 0.859576 0.294023 0.313299 0.17985 18
0.392266 0.418228 0.486776 0.506051 0.379682 19
0.651882 0.703806 0.294023 0.303661 4.69607 235
0.184573 0.210534 0.486776 0.506051 0.259783 13
0.184573 0.236496 0.698804 0.71808 0.469607 47
0.755729 0.781691 0.294023 0.313299 2.23813 112
0.61294 0.625921 0.313299 0.332574 3.07743 77
0.703806 0.755729 0.274748 0.284386 1.89841 95
0.599959 0.625921 0.274748 0.294023 0.519565 26
0.340343 0.366304 0.669891 0.679529 4.27642 107
0.807652 0.833614 0.274748 0.294023 0.219816 11
0.236496 0.288419 0.486776 0.506051 2.40799 241
0.755729 0.807652 0.274748 0.294023 0.759365 76
0.651882 0.703806 0.274748 0.279567 1.63863 41
0.340343 0.366304 0.486776 0.506051 1.69858 85
0.366304 0.379285 0.583153 0.621703 8.43295 422
0.807652 0.820633 0.42895 0.467501 1.61865 81
0.236496 0.262458 0.698804 0.71808 0.939214 47
0.366304 0.379285 0.544602 0.583153 6.43462 322
0.353323 0.366304 0.583153 0.621703 11.8901 595
0.548036 0.573997 0.294023 0.313299 0.239799 12
0.262458 0.288419 0.640978 0.650616 14.9475 374
0.444189 0.496113 0.679529 0.698804 0.00999164 1
0.625921 0.651882 0.448226 0.467501 8.93253 447
0.548036 0.573997 0.313299 0.332574 0.239799 12
0.638902 0.645392 0.351849 0.42895 16.6261 832
0.210534 0.236496 0.660254 0.679529 3.23729 162
0.496113 0.599959 0.515689 0.520508 0.0399666 2
0.223515 0.236496 0.583153 0.621703 9.31221 466
0.664863 0.677844 0.351849 0.371125 22.6211 566
0.703806 0.729767 0.448226 0.457863 22.4212 561
0.340343 0.366304 0.698804 0.71808 1.53871 77
0.742748 0.749239 0.351849 0.3904 20.4229 511
0.61294 0.625921 0.42895 0.448226 9.27224 232
0.586978 0.593469 0.351849 0.42895 2.97751 149
0.431208 0.444189 0.506051 0.583153 0.169858 17
0.223515 0.236496 0.544602 0.563877 6.39465 160
0.677844 0.703806 0.332574 0.342212 15.4271 386
0.392266 0.405247 0.544602 0.583153 2.97751 149
0.625921 0.651882 0.486776 0.506051 3.55702 178
0.561017 0.573997 0.351849 0.42895 1.00916 101
0.340343 0.366304 0.525327 0.544602 6.2148 311
0.249477 0.262458 0.621703 0.640978 14.9475 374
0.677844 0.703806 0.3904 0.42895 35.7401 3577
0.379285 0.392266 0.583153 0.660254 4.69607 470
0.833614 0.846595 0.42895 0.467501 0.559532 28
0.496113 0.911499 0.563877 0.583153 0.027477 22
0.729767 0.742748 0.322936 0.332574 10.791 135
0.807652 0.833614 0.467501 0.506051 0.529557 53
0.729767 0.755729 0.486776 0.496414 4.87592 122
0.833614 0.859576 0.332574 0.351849 0.219816 11
0.444189 0.496113 0.486776 0.506051 0 0
0.677844 0.703806 0.371125 0.380762 31.134 779
0.859576 0.885537 0.313299 0.332574 0.0799331 4
0.197553 0.210534 0.583153 0.621703 3.97667 199
0.197553 0.210534 0.544602 0.583153 3.49707 175
0.677844 0.703806 0.42895 0.448226 27.0174 1352
0.651882 0.703806 0.322936 0.327755 10.4712 262
0.658373 0.664863 0.351849 0.42895 27.0174 1352
0.249477 0.262458 0.544602 0.583153 13.5087 676
0.184573 0.191063 0.583153 0.660254 1.63863 82
0.703806 0.729767 0.303661 0.313299 7.15402 179
0.210534 0.236496 0.525327 0.544602 3.27726 164
0.716787 0.729767 0.351849 0.371125 23.7002 593
0.236496 0.249477 0.621703 0.631341 11.5903 145
0.729767 0.742748 0.448226 0.467501 15.8268 396
0.470151 0.496113 0.506051 0.660254 0.0249791 10
0.288419 0.340343 0.669891 0.679529 7.2939 365
0.781691 0.794672 0.322936 0.332574 3.03746 38
0.314381 0.340343 0.621703 0.640978 16.8459 843
0.573997 0.599959 0.332574 0.351849 1.51873 76
0.677844 0.703806 0.448226 0.467501 20.1631 1009
0.132649 0.158611 0.660254 0.679529 0.0799331 4
0.288419 0.340343 0.71808 0.737355 0.899248 90
0.392266 0.444189 0.71808 0.737355 0.0999164 10
0.080726 0.184573 0.727717 0.737355 0 0
0.366304 0.392266 0.486776 0.506051 0.879265 44
0.184573 0.236496 0.71808 0.727717 0.259783 13
0.677844 0.703806 0.342212 0.351849 22.3013 558
0.262458 0.288419 0.563877 0.583153 18.8043 941
0.418228 0.444189 0.679529 0.698804 0.159866 8
0.781691 0.807652 0.313299 0.322936 1.99833 50
0.184573 0.288419 0.727717 0.737355 0.229808 23
0.61294 0.625921 0.448226 0.467501 5.47542 137
0.210534 0.236496 0.486776 0.506051 0.979181 49
0.60645 0.61294 0.351849 0.42895 7.33387 367
0.340343 0.353323 0.563877 0.583153 15.0274 376
0.729767 0.742748 0.3904 0.42895 29.0557 1454
0.262458 0.288419 0.698804 0.71808 2.07826 104
0.080726 0.184573 0.477139 0.486776 0.00999164 1
0.366304 0.392266 0.660254 0.669891 2.75769 69
0.379285 0.392266 0.544602 0.583153 3.97667 199
0.080726 0.496113 0.75663 0.775905 0.0374687 30
0.262458 0.288419 0.525327 0.534964 7.59365 190
0.366304 0.392266 0.679529 0.698804 1.45878 73
0.262458 0.288419 0.506051 0.515689 4.23646 106
0.444189 0.496113 0.698804 0.71808 0 0
0.76871 0.781691 0.42895 0.467501 7.97333 399
0.781691 0.794672 0.294023 0.313299 1.63863 41
0.496113 0.911499 0.534964 0.544602 0.197335 79
0.262458 0.288419 0.660254 0.679529 8.39298 420
0.703806 0.729767 0.457863 0.467501 16.2264 406
0.340343 0.353323 0.621703 0.640978 14.1881 355
0.353323 0.359814 0.563877 0.583153 11.0308 138
0.703806 0.755729 0.477139 0.486776 7.7735 389
0.366304 0.379285 0.525327 0.544602 4.15652 104
0.859576 0.911499 0.274748 0.294023 0 0
0.729767 0.755729 0.496414 0.506051 2.75769 69
0.366304 0.372795 0.621703 0.660254 7.31388 183
0.418228 0.444189 0.698804 0.71808 0 0
0.262458 0.288419 0.650616 0.660254 10.751 269
0.664863 0.677844 0.3904 0.42895 30.7942 1541
0.664863 0.677844 0.371125 0.3904 30.8542 772
0.749239 0.755729 0.351849 0.42895 19.5437 978
0.561017 0.573997 0.42895 0.467501 0.679432 34
0.833614 0.859576 0.467501 0.506051 0.0599499 6
0.314381 0.327362 0.602428 0.621703 23.1406 579
0.210534 0.236496 0.679529 0.698804 1.45878 73
0.236496 0.288419 0.71808 0.727717 0.939214 47
0.223515 0.236496 0.621703 0.640978 7.95335 199
0.217025 0.223515 0.583153 0.621703 7.71355 193
0.859576 0.911499 0.294023 0.313299 0.0299749 3
0.651882 0.703806 0.284386 0.294023 3.09741 155
0.794672 0.807652 0.42895 0.467501 3.23729 162
0.625921 0.651882 0.274748 0.294023 1.25895 63
0.178082 0.184573 0.506051 0.660254 1.52872 153
0.755729 0.76871 0.448226 0.457863 10.5512 132
0.242986 0.249477 0.583153 0.621703 14.5878 365
0.353323 0.366304 0.621703 0.640978 10.5512 264
0.288419 0.392266 0.467501 0.477139 0.60949 61
0.392266 0.496113 0.467501 0.477139 0.0399666 4
0.249477 0.262458 0.660254 0.679529 7.51372 188
0.60645 0.61294 0.42895 0.467501 5.27559 132
0.340343 0.353323 0.640978 0.660254 10.5112 263
0.755729 0.76871 0.457863 0.467501 7.83345 98
0.080726 0.496113 0.3904 0.42895 0.00437134 7
0.703806 0.755729 0.506051 0.515689 2.91756 146
0.807652 0.911499 0.506051 0.515689 0.0499582 5
0.703806 0.755729 0.255473 0.274748 0.719398 72
0.651882 0.703806 0.279567 0.284386 2.11823 53
0.599959 0.651882 0.506051 0.515689 1.199 60
0.599959 0.625921 0.255473 0.274748 0.17985 9
0.885537 0.911499 0.351849 0.506051 0.0174854 7
0.314381 0.340343 0.525327 0.544602 9.13236 457
0.807652 0.911499 0.255473 0.274748 0.0149875 3
0.755729 0.781691 0.506051 0.515689 1.6786 42
0.288419 0.340343 0.496414 0.506051 3.69691 185
0.781691 0.807652 0.506051 0.51087 0 0
0.184573 0.288419 0.467501 0.477139 0.329724 33
0.275438 0.288419 0.544602 0.563877 15.4271 386
0.807652 0.911499 0.583153 0.660254 0 0
0.729767 0.755729 0.303661 0.313299 4.91589 123
0.288419 0.340343 0.448226 0.467501 0.529557 53
0.392266 0.496113 0.448226 0.467501 0.00499582 1
0.729767 0.742748 0.438588 0.448226 19.5836 245
0.703806 0.755729 0.525327 0.534964 1.11906 56
0.599959 0.651882 0.525327 0.534964 0.459616 23
0.807652 0.911499 0.525327 0.534964 0.0199833 2
0.496113 0.911499 0.520508 0.525327 0.424645 85
0.703806 0.755729 0.515689 0.520508 1.87843 47
0.599959 0.651882 0.515689 0.520508 0.879265 22
0.807652 0.911499 0.515689 0.520508 0.0399666 2
0.651882 0.703806 0.496414 0.506051 3.97667 199
0.703806 0.807652 0.544602 0.563877 0.124896 25
0.184573 0.236496 0.448226 0.467501 0.0999164 10
0.599959 0.703806 0.544602 0.563877 0.239799 48
0.651882 0.703806 0.506051 0.515689 2.69774 135
0.651882 0.677844 0.438588 0.448226 20.6228 516
0.522074 0.548036 0.332574 0.351849 0.0799331 4
0.632411 0.638902 0.351849 0.42895 15.567 779
0.755729 0.807652 0.525327 0.534964 0.199833 10
0.755729 0.807652 0.515689 0.520508 0.599499 15
0.651882 0.703806 0.525327 0.534964 1.23896 62
0.651882 0.703806 0.255473 0.274748 0.859281 86
0.236496 0.288419 0.448226 0.467501 0.429641 43
0.625921 0.632411 0.3904 0.42895 13.4288 336
0.807652 0.911499 0.544602 0.563877 0.00999164 2
0.327362 0.340343 0.602428 0.621703 18.0649 452
0.755729 0.807652 0.255473 0.274748 0.299749 30
0.651882 0.703806 0.303661 0.313299 6.4546 323
0.794672 0.807652 0.322936 0.332574 2.23813 28
0.548036 0.599959 0.506051 0.515689 0.17985 9
0.833614 0.859576 0.274748 0.294023 0 0
0.833614 0.846595 0.313299 0.332574 0.319733 8
0.625921 0.651882 0.322936 0.332574 7.11405 178
0.418228 0.444189 0.660254 0.679529 0.499582 25
0.288419 0.392266 0.737355 0.75663 0.224812 45
0.184573 0.236496 0.737355 0.75663 0.0699415 7
0.217025 0.223515 0.621703 0.660254 5.19565 130
0.080726 0.184573 0.708442 0.71808 0 0
0.418228 0.431208 0.583153 0.660254 1.03913 104
0.716787 0.729767 0.322936 0.332574 14.1482 177
0.288419 0.340343 0.477139 0.486776 1.29891 65
0.392266 0.496113 0.477139 0.486776 0.00999164 1
0.288419 0.314381 0.515689 0.525327 7.75351 194
0.184573 0.236496 0.477139 0.486776 0.419649 21
0.781691 0.794672 0.3904 0.42895 8.0133 401
0.392266 0.496113 0.737355 0.75663 0.0249791 5
0.366304 0.392266 0.698804 0.71808 0.699415 35
0.586978 0.599959 0.42895 0.467501 2.75769 138
0.223515 0.230006 0.563877 0.583153 7.11405 89
0.729767 0.755729 0.467501 0.477139 8.99248 225
0.573997 0.599959 0.313299 0.332574 0.799331 40
0.314381 0.340343 0.515689 0.525327 5.23562 131
0.262458 0.288419 0.515689 0.525327 6.91422 173
0.651882 0.703806 0.327755 0.332574 13.7085 343
0.366304 0.392266 0.669891 0.679529 2.27809 57
0.716787 0.729767 0.3904 0.42895 30.9141 1547
0.288419 0.314381 0.631341 0.640978 19.9433 499
0.61294 0.61943 0.332574 0.351849 3.35719 42
0.716787 0.729767 0.371125 0.3904 31.8134 796
0.249477 0.262458 0.640978 0.660254 10.9508 274
0.340343 0.392266 0.448226 0.457863 0.0599499 3
0.573997 0.599959 0.294023 0.313299 0.719398 36
0.288419 0.314381 0.650616 0.660254 14.4279 361
0.548036 0.599959 0.255473 0.274748 0.0699415 7
0.677844 0.703806 0.380762 0.3904 38.0082 951
0.61943 0.625921 0.332574 0.351849 6.71438 84
0.262458 0.288419 0.679529 0.698804 4.41631 221
0.236496 0.249477 0.640978 0.660254 7.31388 183
0.444189 0.496113 0.71808 0.737355 0 0
0.794672 0.807652 0.294023 0.313299 0.479599 12
0.755729 0.76871 0.3904 0.42895 16.5861 830
0.742748 0.755729 0.438588 0.448226 15.3472 192
0.418228 0.431208 0.544602 0.583153 0.979181 49
0.755729 0.76871 0.371125 0.3904 17.7452 444
0.580488 0.586978 0.42895 0.467501 2.07826 52
0.236496 0.288419 0.737355 0.75663 0.299749 30
0.76871 0.781691 0.467501 0.486776 3.87676 97
0.820633 0.833614 0.351849 0.42895 1.40882 141
0.755729 0.781691 0.342212 0.351849 8.95251 224
0.801162 0.807652 0.351849 0.42895 3.67692 184
0.846595 0.859576 0.42895 0.467501 0.139883 7
0.703806 0.729767 0.342212 0.351849 21.7018 543
0.132649 0.158611 0.583153 0.660254 0.249791 50
0.742748 0.755729 0.448226 0.467501 12.0699 302
0.223515 0.236496 0.640978 0.660254 5.47542 137
0.742748 0.749239 0.3904 0.42895 26.1781 655
0.664863 0.677844 0.42895 0.438588 25.5786 320
0.496113 0.548036 0.42895 0.506051 0.0174854 7
0.262458 0.288419 0.534964 0.544602 10.4712 262
0.645392 0.651882 0.351849 0.42895 19.6636 984
0.703806 0.716787 0.3904 0.42895 36.1498 1809
0.132649 0.184573 0.486776 0.506051 0.0799331 8
0.405247 0.418228 0.583153 0.660254 1.64862 165
0.444189 0.470151 0.583153 0.660254 0.209824 42
0.14563 0.158611 0.506051 0.583153 0.169858 17
0.255967 0.262458 0.583153 0.621703 19.9833 500
0.703806 0.755729 0.284386 0.294023 2.65778 133
0.781691 0.807652 0.486776 0.506051 0.999164 50
0.184573 0.197553 0.544602 0.583153 1.47876 74
0.703806 0.716787 0.371125 0.3904 35.1306 879
0.314381 0.340343 0.650616 0.660254 10.6711 267
0.561017 0.573997 0.467501 0.506051 0.259783 13
0.599959 0.625921 0.486776 0.506051 1.49875 75
0.651882 0.703806 0.515689 0.520508 2.0383 51
0.638902 0.651882 0.332574 0.351849 11.0707 277
0.230006 0.236496 0.563877 0.583153 10.9508 137
0.431208 0.444189 0.583153 0.660254 0.48959 49
0.846595 0.859576 0.351849 0.42895 0.329724 33
0.197553 0.210534 0.621703 0.660254 2.93754 147
0.236496 0.262458 0.477139 0.486776 0.599499 15
0.353323 0.366304 0.640978 0.660254 7.43378 186
0.625921 0.651882 0.294023 0.313299 2.69774 135
0.340343 0.392266 0.457863 0.467501 0.319733 16
0.781691 0.794672 0.371125 0.3904 7.99331 200
0.405247 0.418228 0.544602 0.583153 1.5587 78
0.729767 0.742748 0.371125 0.3904 26.2181 656
0.742748 0.755729 0.332574 0.351849 10.9908 275
0.859576 0.885537 0.42895 0.506051 0.0299749 6
0.236496 0.249477 0.631341 0.640978 8.55285 107
0.158611 0.184573 0.660254 0.679529 0.419649 21
0.191063 0.194308 0.583153 0.660254 2.35803 59
0.794672 0.807652 0.332574 0.351849 2.71773 68
0.7752 0.781691 0.351849 0.42895 9.87174 494
0.742748 0.755729 0.322936 0.332574 6.79432 85
0.703806 0.807652 0.236198 0.255473 0.15487 31
0.599959 0.651882 0.236198 0.255473 0.0899248 9
0.807652 0.911499 0.236198 0.255473 0.00999164 2
0.249477 0.262458 0.525327 0.544602 7.99331 200
0.372795 0.379285 0.621703 0.660254 5.03579 126
0.194308 0.197553 0.583153 0.660254 2.59783 65
0.275438 0.288419 0.583153 0.621703 23.4404 1173
0.846595 0.859576 0.313299 0.332574 0.0399666 1
0.418228 0.444189 0.486776 0.506051 0.0799331 4
0.288419 0.392266 0.42895 0.448226 0.0649457 13
0.392266 0.496113 0.42895 0.448226 0 0
0.184573 0.288419 0.42895 0.448226 0.084929 17
0.132649 0.158611 0.698804 0.708442 0 0
0.651882 0.658373 0.3904 0.42895 24.0199 601
0.158611 0.184573 0.698804 0.708442 0.239799 6
0.398756 0.405247 0.506051 0.544602 0.719398 18
0.392266 0.405247 0.621703 0.660254 2.53788 127
0.885537 0.911499 0.313299 0.332574 0 0
0.651882 0.703806 0.236198 0.255473 0.309741 31
0.359814 0.366304 0.563877 0.583153 8.55285 107
0.262458 0.288419 0.477139 0.486776 1.6786 42
0.340343 0.392266 0.71808 0.737355 0.509574 51
0.288419 0.340343 0.665073 0.669891 8.99248 225
0.262458 0.275438 0.55424 0.563877 15.6669 196
0.625921 0.651882 0.255473 0.274748 0.619482 31
0.820633 0.833614 0.42895 0.467501 0.859281 43
0.593469 0.599959 0.351849 0.42895 4.07659 204
0.340343 0.392266 0.477139 0.486776 0.719398 36
0.814143 0.820633 0.351849 0.42895 1.65861 83
0.638902 0.651882 0.42895 0.448226 15.8268 396
0.781691 0.807652 0.51087 0.515689 0.639465 8
