0.080726 0.496113 0.197647 0.351849 0.000156119 1
0.496113 0.911499 0.197647 0.216922 0.0112406 9
0.496113 0.911499 0.506051 0.515689 1.01165 405
0.080726 0.132649 0.506051 0.660254 0.0262281 21
0.496113 0.548036 0.351849 0.506051 0.0437134 35
0.080726 0.184573 0.660254 0.679529 0.129891 26
0.703806 0.716787 0.351849 0.42895 34.0615 3409
0.599959 0.60645 0.351849 0.42895 4.69607 235
0.807652 0.833614 0.351849 0.42895 1.77851 356
0.288419 0.340343 0.506051 0.525327 5.6153 562
0.392266 0.405247 0.506051 0.544602 1.199 60
0.184573 0.197553 0.506051 0.660254 1.59866 320
0.496113 0.599959 0.274748 0.294023 0.0599499 12
0.080726 0.496113 0.737355 0.775905 0.0730639 117
0.651882 0.664863 0.351849 0.42895 24.5495 2457
0.755729 0.76871 0.351849 0.42895 15.7668 1578
0.236496 0.288419 0.506051 0.525327 4.5462 455
0.496113 0.548036 0.313299 0.332574 0.0199833 2
0.703806 0.729767 0.42895 0.448226 25.4987 1276
0.340343 0.366304 0.506051 0.525327 3.57701 179
0.651882 0.677844 0.42895 0.448226 21.4421 1073
0.496113 0.911499 0.660254 0.814456 0.000312239 2
0.080726 0.496113 0.351849 0.42895 0.00218567 7
0.080726 0.184573 0.698804 0.71808 0.0299749 6
0.080726 0.496113 0.42895 0.448226 0.0387176 31
0.651882 0.703806 0.467501 0.486776 10.6611 1067
0.496113 0.703806 0.583153 0.660254 0.000624478 1
0.548036 0.561017 0.351849 0.506051 0.324728 65
0.703806 0.755729 0.467501 0.486776 9.31221 932
0.625921 0.638902 0.351849 0.42895 14.0183 1403
0.444189 0.470151 0.506051 0.660254 0.137385 55
0.781691 0.794672 0.351849 0.42895 7.35385 736
0.080726 0.496113 0.467501 0.486776 0.349707 280
0.366304 0.379285 0.506051 0.544602 3.19733 160
0.496113 0.911499 0.544602 0.563877 0.0961696 77
0.288419 0.340343 0.583153 0.602428 23.5703 2359
0.288419 0.340343 0.544602 0.563877 15.8667 1588
0.236496 0.249477 0.583153 0.621703 12.3697 619
0.236496 0.249477 0.544602 0.583153 9.85176 493
0.859576 0.911499 0.351849 0.506051 0.0499582 40
0.210534 0.236496 0.506051 0.544602 2.45794 246
0.755729 0.781691 0.42895 0.467501 9.57199 958
0.573997 0.586978 0.351849 0.42895 1.98834 199
0.625921 0.651882 0.42895 0.448226 13.9683 699
0.496113 0.548036 0.332574 0.351849 0.0399666 4
0.132649 0.158611 0.506051 0.660254 0.169858 68
0.080726 0.184573 0.679529 0.698804 0.054954 11
0.418228 0.431208 0.506051 0.660254 0.844294 169
0.496113 0.548036 0.294023 0.313299 0.0199833 2
0.496113 0.911499 0.236198 0.255473 0.0961696 77
0.625921 0.651882 0.467501 0.486776 5.975 299
0.755729 0.781691 0.467501 0.486776 4.87592 244
0.833614 0.859576 0.351849 0.42895 0.519565 104
0.599959 0.61294 0.42895 0.467501 4.37634 219
0.080726 0.184573 0.486776 0.506051 0.0399666 8
0.781691 0.807652 0.42895 0.467501 4.19649 420
0.262458 0.288419 0.583153 0.621703 21.8717 2189
0.651882 0.703806 0.486776 0.506051 4.8959 490
0.729767 0.742748 0.351849 0.42895 26.318 2634
0.288419 0.314381 0.621703 0.640978 21.7018 1086
0.599959 0.625921 0.467501 0.506051 1.99833 200
0.158611 0.171592 0.506051 0.660254 0.439632 88
0.496113 0.911499 0.525327 0.544602 0.292256 234
0.340343 0.353323 0.583153 0.660254 14.2381 1425
0.340343 0.366304 0.544602 0.583153 10.761 1077
0.677844 0.703806 0.351849 0.371125 27.6369 1383
0.080726 0.496113 0.71808 0.737355 0.293504 235
0.288419 0.340343 0.525327 0.544602 10.1715 1018
0.703806 0.729767 0.486776 0.506051 6.53453 327
0.288419 0.340343 0.679529 0.698804 4.84595 485
0.184573 0.236496 0.679529 0.698804 1.06911 107
0.496113 0.911499 0.216922 0.236198 0.0224812 18
0.288419 0.340343 0.602428 0.621703 22.681 2270
0.703806 0.755729 0.313299 0.322936 7.47375 374
0.599959 0.61294 0.313299 0.332574 1.75853 44
0.807652 0.859576 0.313299 0.332574 0.439632 44
0.703806 0.729767 0.322936 0.332574 14.348 359
0.703806 0.729767 0.332574 0.351849 19.3438 968
0.599959 0.625921 0.332574 0.351849 3.97667 199
0.807652 0.833614 0.332574 0.351849 1.11906 56
0.392266 0.444189 0.679529 0.698804 0.469607 47
0.755729 0.781691 0.332574 0.351849 7.63361 382
0.651882 0.677844 0.332574 0.351849 14.4079 721
0.288419 0.340343 0.660254 0.669891 10.5712 529
0.392266 0.444189 0.660254 0.679529 0.869273 87
0.184573 0.210534 0.660254 0.679529 1.199 60
0.236496 0.288419 0.660254 0.679529 7.25393 726
0.651882 0.703806 0.313299 0.322936 8.67275 434
0.340343 0.366304 0.660254 0.669891 5.83512 146
0.755729 0.781691 0.322936 0.332574 5.91505 148
0.236496 0.288419 0.679529 0.698804 3.66693 367
0.781691 0.807652 0.467501 0.506051 1.47876 148
0.625921 0.651882 0.332574 0.351849 9.61196 481
0.548036 0.599959 0.332574 0.351849 0.999164 100
0.080726 0.496113 0.775905 0.814456 0.0056203 9
0.210534 0.223515 0.583153 0.660254 5.41547 542
0.210534 0.223515 0.544602 0.583153 4.8959 245
0.262458 0.288419 0.621703 0.640978 18.4845 925
0.340343 0.392266 0.679529 0.698804 2.12822 213
0.379285 0.392266 0.506051 0.544602 2.09824 105
0.729767 0.755729 0.42895 0.467501 16.0566 1607
0.755729 0.807652 0.313299 0.322936 2.99749 150
0.288419 0.340343 0.640978 0.660254 13.9283 1394
0.444189 0.496113 0.660254 0.679529 0.0299749 3
0.61294 0.625921 0.351849 0.42895 9.64193 965
0.651882 0.703806 0.448226 0.467501 18.0449 1806
0.496113 0.911499 0.255473 0.274748 0.297251 238
0.236496 0.288419 0.525327 0.544602 7.84344 785
0.859576 0.911499 0.332574 0.351849 0.00999164 1
0.573997 0.599959 0.42895 0.467501 2.18817 219
0.249477 0.262458 0.583153 0.621703 17.6053 881
0.197553 0.210534 0.506051 0.544602 1.15903 58
0.76871 0.781691 0.351849 0.42895 11.0008 1101
0.262458 0.288419 0.544602 0.563877 14.388 720
0.405247 0.418228 0.506051 0.660254 1.37385 275
0.573997 0.599959 0.467501 0.506051 0.739382 74
0.781691 0.807652 0.332574 0.351849 3.49707 175
0.625921 0.651882 0.313299 0.332574 5.87509 294
0.171592 0.184573 0.506051 0.660254 1.20399 241
0.288419 0.340343 0.563877 0.583153 20.7426 2076
0.794672 0.807652 0.351849 0.42895 4.51622 452
0.729767 0.755729 0.332574 0.351849 12.7094 636
0.080726 0.496113 0.448226 0.467501 0.158617 127
0.288419 0.340343 0.698804 0.71808 2.388 239
0.392266 0.496113 0.698804 0.71808 0.0799331 16
0.703806 0.755729 0.294023 0.303661 3.65694 183
0.599959 0.651882 0.294023 0.313299 2.13821 214
0.755729 0.781691 0.486776 0.506051 2.49791 125
0.703806 0.911499 0.583153 0.660254 0.00249791 4
0.392266 0.405247 0.583153 0.660254 3.11739 312
0.288419 0.340343 0.486776 0.506051 2.99749 300
0.807652 0.911499 0.294023 0.313299 0.104912 21
0.392266 0.444189 0.486776 0.506051 0.229808 23
0.651882 0.703806 0.294023 0.313299 5.57534 558
0.184573 0.236496 0.486776 0.506051 0.619482 62
0.184573 0.236496 0.698804 0.71808 0.469607 47
0.755729 0.807652 0.294023 0.313299 1.64862 165
0.61294 0.625921 0.313299 0.332574 3.07743 77
0.703806 0.755729 0.274748 0.294023 2.27809 228
0.599959 0.651882 0.274748 0.294023 0.889256 89
0.340343 0.392266 0.669891 0.679529 3.27726 164
0.807652 0.911499 0.274748 0.294023 0.054954 11
0.236496 0.288419 0.486776 0.506051 2.40799 241
0.755729 0.807652 0.274748 0.294023 0.759365 76
0.651882 0.703806 0.274748 0.294023 2.48792 249
0.340343 0.392266 0.486776 0.506051 1.28892 129
0.366304 0.379285 0.583153 0.660254 7.30389 731
0.807652 0.833614 0.42895 0.467501 1.23896 124
0.236496 0.288419 0.698804 0.71808 1.50874 151
0.366304 0.379285 0.544602 0.583153 6.43462 322
0.353323 0.366304 0.583153 0.660254 10.4413 1045
0.548036 0.599959 0.294023 0.313299 0.479599 48
0.262458 0.288419 0.640978 0.660254 12.8493 643
0.444189 0.496113 0.679529 0.698804 0.00999164 1
0.625921 0.651882 0.448226 0.467501 8.93253 447
0.548036 0.599959 0.313299 0.332574 0.519565 52
0.638902 0.651882 0.351849 0.42895 18.1448 1816
0.210534 0.236496 0.660254 0.679529 3.23729 162
0.496113 0.911499 0.515689 0.525327 0.559532 224
0.223515 0.236496 0.583153 0.660254 8.0133 802
0.664863 0.677844 0.351849 0.42895 28.7659 2879
0.703806 0.729767 0.448226 0.467501 19.3238 967
0.340343 0.392266 0.698804 0.71808 1.11906 112
0.742748 0.755729 0.351849 0.42895 21.4221 2144
0.61294 0.625921 0.42895 0.467501 7.37383 369
0.586978 0.599959 0.351849 0.42895 3.52705 353
0.431208 0.444189 0.506051 0.660254 0.329724 66
0.223515 0.236496 0.544602 0.583153 7.71355 386
0.677844 0.703806 0.332574 0.342212 15.4271 386
0.392266 0.405247 0.544602 0.583153 2.97751 149
0.625921 0.651882 0.486776 0.506051 3.55702 178
0.561017 0.573997 0.351849 0.506051 0.739382 148
0.340343 0.366304 0.525327 0.544602 6.2148 311
0.249477 0.262458 0.621703 0.660254 12.9492 648
0.677844 0.703806 0.3904 0.42895 35.7401 3577
0.379285 0.392266 0.583153 0.660254 4.69607 470
0.833614 0.859576 0.42895 0.506051 0.204829 41
0.496113 0.911499 0.563877 0.583153 0.027477 22
0.729767 0.755729 0.322936 0.332574 8.79265 220
0.807652 0.833614 0.467501 0.506051 0.529557 53
0.729767 0.755729 0.486776 0.506051 3.81681 191
0.833614 0.859576 0.332574 0.351849 0.219816 11
0.444189 0.496113 0.486776 0.506051 0 0
0.677844 0.703806 0.371125 0.3904 34.5711 1730
0.859576 0.911499 0.313299 0.332574 0.0399666 4
0.197553 0.210534 0.583153 0.660254 3.45711 346
0.197553 0.210534 0.544602 0.583153 3.49707 175
0.677844 0.703806 0.42895 0.448226 27.0174 1352
0.651882 0.703806 0.322936 0.332574 12.0899 605
0.781691 0.807652 0.322936 0.332574 2.63779 66
0.379285 0.392266 0.544602 0.583153 3.97667 199
0.716787 0.729767 0.351849 0.42895 29.3355 2936
0.288419 0.340343 0.669891 0.679529 7.2939 365
0.314381 0.340343 0.621703 0.640978 16.8459 843
0.262458 0.288419 0.563877 0.583153 18.8043 941
0.249477 0.262458 0.544602 0.583153 13.5087 676
0.703806 0.755729 0.303661 0.313299 6.03495 302
0.470151 0.496113 0.506051 0.660254 0.0249791 10
0.60645 0.61294 0.351849 0.42895 7.33387 367
0.366304 0.392266 0.660254 0.669891 2.75769 69
0.677844 0.703806 0.342212 0.351849 22.3013 558
0.236496 0.249477 0.621703 0.660254 8.69273 435
