0 0.0625 0.00432 27
0.5 0.53125 0.67232 2101
0.75 0.765625 0.8576 1340
0.25 0.265625 2.01408 3147
0.125 0.140625 0.16768 262
0.375 0.382812 2.4256 1895
0.4375 0.453125 1.07456 1679
0.875 0.90625 0.02784 87
0.1875 0.203125 0.75008 1172
0.8125 0.828125 0.21888 342
0.625 0.6875 1.92352 12022
0.5625 0.578125 1.24032 1938
0.6875 0.703125 1.7472 2730
0.15625 0.171875 0.3872 605
0.21875 0.234375 1.3216 2065
0.78125 0.796875 0.45184 706
0.0625 0.09375 0.02464 77
0.40625 0.414062 1.92 1500
0.71875 0.734375 1.2992 2030
0.3125 0.34375 2.93568 9174
0.28125 0.296875 2.63296 4114
0.59375 0.625 1.70272 5321
0.46875 0.5 0.72448 2264
0.9375 1 0.00144 9
0.84375 0.859375 0.0992 155
0.53125 0.546875 0.82432 1288
0.234375 0.242188 1.5488 1210
0.09375 0.109375 0.05888 92
0.203125 0.210938 1.00352 784
0.765625 0.78125 0.63936 999
0.734375 0.75 1.05088 1642
0.171875 0.179688 0.50816 397
0.421875 0.4375 1.4496 2265
0.578125 0.59375 1.41504 2211
0.796875 0.804688 0.384 300
0.90625 0.9375 0.0096 30
0.859375 0.875 0.0512 80
0.265625 0.28125 2.2976 3590
0.140625 0.148438 0.21248 166
0.296875 0.3125 2.90944 4546
0.34375 0.375 2.704 8450
0.703125 0.71875 1.53152 2393
0.546875 0.5625 0.9952 1555
0.390625 0.40625 2.0384 3185
0.828125 0.84375 0.14656 229
0.804688 0.8125 0.288 225
0.242188 0.25 1.79584 1403
0.414062 0.421875 1.632 1275
0.382812 0.390625 2.13888 1671
0.148438 0.15625 0.30336 237
0.453125 0.46875 0.9344 1460
0.179688 0.1875 0.62848 491
0.210938 0.21875 1.17504 918
0.109375 0.125 0.09344 146
