0.080726 0.496113 0.197647 0.351849 0.000156119 1
0.496113 0.911499 0.197647 0.216922 0.0112406 9
0.496113 0.911499 0.506051 0.525327 0.785593 629
0.080726 0.132649 0.506051 0.660254 0.0262281 21
0.496113 0.548036 0.351849 0.506051 0.0437134 35
0.080726 0.184573 0.660254 0.679529 0.129891 26
0.703806 0.729767 0.351849 0.42895 31.6985 6345
0.599959 0.625921 0.351849 0.42895 7.82845 1567
0.807652 0.833614 0.351849 0.506051 1.33139 533
0.288419 0.340343 0.506051 0.525327 5.6153 562
0.392266 0.418228 0.506051 0.660254 1.98834 796
0.184573 0.210534 0.506051 0.660254 2.24562 899
0.496113 0.911499 0.274748 0.294023 0.830555 665
0.080726 0.496113 0.737355 0.775905 0.0730639 117
0.651882 0.677844 0.351849 0.42895 26.6577 5336
0.755729 0.781691 0.351849 0.42895 13.3838 2679
0.236496 0.288419 0.506051 0.544602 6.19482 1240
0.496113 0.599959 0.313299 0.332574 0.269774 54
0.703806 0.729767 0.42895 0.467501 22.4113 2243
0.340343 0.366304 0.506051 0.544602 4.8959 490
0.651882 0.703806 0.42895 0.467501 21.1373 4231
0.496113 0.911499 0.660254 0.814456 0.000312239 2
0.080726 0.496113 0.351849 0.42895 0.00218567 7
0.080726 0.496113 0.698804 0.71808 0.713153 571
0.080726 0.496113 0.42895 0.467501 0.0986675 158
0.651882 0.703806 0.467501 0.486776 10.6611 1067
0.496113 0.911499 0.583153 0.660254 0.00156119 5
0.548036 0.573997 0.351849 0.506051 0.532055 213
0.703806 0.755729 0.467501 0.486776 9.31221 932
0.625921 0.651882 0.351849 0.42895 16.0815 3219
0.444189 0.496113 0.506051 0.660254 0.0811821 65
0.781691 0.807652 0.351849 0.42895 5.93504 1188
0.080726 0.496113 0.467501 0.486776 0.349707 280
0.366304 0.392266 0.506051 0.660254 4.96335 1987
0.496113 0.911499 0.544602 0.583153 0.0618233 99
0.288419 0.340343 0.583153 0.602428 23.5703 2359
0.288419 0.340343 0.544602 0.583153 18.3047 3664
0.236496 0.262458 0.583153 0.660254 12.9042 2583
0.236496 0.288419 0.544602 0.583153 14.1382 2830
0.859576 0.911499 0.351849 0.506051 0.0499582 40
0.210534 0.236496 0.506051 0.544602 2.45794 246
0.755729 0.781691 0.42895 0.467501 9.57199 958
0.573997 0.599959 0.351849 0.506051 2.11073 845
0.625921 0.651882 0.42895 0.467501 11.4504 1146
0.496113 0.548036 0.332574 0.351849 0.0399666 4
0.132649 0.158611 0.506051 0.660254 0.169858 68
0.080726 0.184573 0.679529 0.698804 0.054954 11
0.418228 0.444189 0.506051 0.660254 0.587009 235
0.496113 0.911499 0.294023 0.313299 1.86469 1493
0.496113 0.911499 0.236198 0.274748 0.19671 315
0.625921 0.651882 0.467501 0.506051 4.76601 477
0.755729 0.781691 0.467501 0.506051 3.68692 369
0.833614 0.859576 0.351849 0.506051 0.362197 145
0.599959 0.625921 0.42895 0.467501 5.87509 588
0.080726 0.496113 0.486776 0.506051 0.952953 763
0.781691 0.807652 0.42895 0.467501 4.19649 420
0.262458 0.288419 0.583153 0.621703 21.8717 2189
0.651882 0.703806 0.486776 0.506051 4.8959 490
0.729767 0.755729 0.351849 0.42895 23.87 4778
0.288419 0.340343 0.621703 0.660254 16.6011 3323
0.599959 0.625921 0.467501 0.506051 1.99833 200
0.158611 0.184573 0.506051 0.660254 0.821813 329
0.496113 0.911499 0.525327 0.544602 0.292256 234
0.340343 0.366304 0.583153 0.660254 12.3397 2470
0.340343 0.366304 0.544602 0.583153 10.761 1077
0.677844 0.703806 0.351849 0.42895 33.422 6690
0.080726 0.496113 0.71808 0.737355 0.293504 235
0.288419 0.340343 0.525327 0.544602 10.1715 1018
0.703806 0.755729 0.486776 0.506051 5.17567 518
0.288419 0.340343 0.679529 0.698804 4.84595 485
0.184573 0.236496 0.679529 0.698804 1.06911 107
0.496113 0.911499 0.216922 0.236198 0.0224812 18
0.288419 0.340343 0.602428 0.621703 22.681 2270
0.703806 0.755729 0.313299 0.322936 7.47375 374
0.599959 0.651882 0.313299 0.332574 4.14653 415
0.807652 0.911499 0.313299 0.332574 0.239799 48
0.703806 0.755729 0.322936 0.332574 11.5703 579
0.703806 0.755729 0.332574 0.351849 16.0266 1604
0.599959 0.625921 0.332574 0.351849 3.97667 199
0.807652 0.911499 0.332574 0.351849 0.339716 68
0.392266 0.496113 0.679529 0.698804 0.239799 48
0.755729 0.807652 0.332574 0.351849 5.56534 557
0.651882 0.703806 0.332574 0.351849 16.6361 1665
0.288419 0.340343 0.660254 0.679529 8.93253 894
0.392266 0.444189 0.660254 0.679529 0.869273 87
0.184573 0.236496 0.660254 0.679529 2.21814 222
0.236496 0.288419 0.660254 0.679529 7.25393 726
0.651882 0.703806 0.313299 0.332574 10.3813 1039
0.340343 0.392266 0.660254 0.679529 3.78683 379
0.755729 0.807652 0.322936 0.332574 4.27642 214
0.236496 0.288419 0.679529 0.698804 3.66693 367
0.781691 0.807652 0.467501 0.506051 1.47876 148
0.625921 0.651882 0.332574 0.351849 9.61196 481
0.548036 0.599959 0.332574 0.351849 0.999164 100
0.080726 0.496113 0.775905 0.814456 0.0056203 9
0.210534 0.236496 0.583153 0.660254 6.71438 1344
0.210534 0.236496 0.544602 0.583153 6.30473 631
0.340343 0.392266 0.679529 0.698804 2.12822 213
0.262458 0.288419 0.621703 0.660254 15.6669 1568
0.729767 0.755729 0.42895 0.467501 16.0566 1607
0.755729 0.807652 0.313299 0.322936 2.99749 150
0.444189 0.496113 0.660254 0.679529 0.0299749 3
