0 0.0625 0.0208 13
0.5 0.5625 2.6416 1651
0.25 0.28125 0.8288 259
0.75 0.78125 0.4416 138
0.625 0.65625 1.5488 484
0.375 0.40625 2.1856 683
0.125 0.15625 0.144 45
0.875 1 0.0328 41
0.3125 0.375 1.6784 1049
0.8125 0.84375 0.192 60
0.1875 0.25 0.4752 297
0.6875 0.71875 0.9472 296
0.15625 0.1875 0.288 90
0.5625 0.59375 2.3712 741
0.0625 0.09375 0.0224 7
0.09375 0.125 0.1216 38
0.59375 0.625 1.8784 587
0.65625 0.6875 1.1776 368
0.71875 0.75 0.6752 211
0.4375 0.5 2.6224 1639
0.78125 0.8125 0.288 90
0.40625 0.4375 2.6976 843
0.84375 0.875 0.096 30
0.28125 0.3125 1.088 340
