81.76 87.21 84.52 92.16 89.3 201.77 33.89 54.08 20.42 36.1536 4.72 5.99 0.12 4.27 20.59 51.7458 2.17751e-10 5
81.76 87.21 84.52 92.16 89.3 201.77 33.89 54.08 36.1536 51.8872 4.72 5.99 0.12 4.27 20.59 36.1679 0 0
81.76 87.21 84.52 92.16 89.3 201.77 33.89 43.985 36.1536 51.8872 4.72 5.355 0.12 4.27 36.1679 51.7458 2.43881e-09 7
81.76 87.21 84.52 92.16 89.3 201.77 33.89 54.08 36.1536 51.8872 5.355 5.99 0.12 4.27 36.1679 51.7458 1.21941e-09 7
81.76 87.21 84.52 92.16 89.3 201.77 43.985 54.08 36.1536 51.8872 4.72 5.355 0.12 2.195 36.1679 51.7458 2.78721e-09 4
81.76 87.21 84.52 92.16 89.3 201.77 43.985 54.08 36.1536 51.8872 4.72 5.355 2.195 4.27 36.1679 43.9569 1.39361e-09 1
81.76 87.21 84.52 92.16 89.3 201.77 43.985 54.08 36.1536 44.0204 4.72 5.355 2.195 4.27 43.9569 51.7458 2.78721e-09 1
81.76 84.485 84.52 92.16 89.3 201.77 43.985 54.08 44.0204 51.8872 4.72 5.355 2.195 3.2325 43.9569 51.7458 0 0
84.485 87.21 84.52 88.34 89.3 201.77 43.985 54.08 44.0204 51.8872 4.72 5.355 2.195 4.27 43.9569 51.7458 0 0
84.485 87.21 88.34 92.16 89.3 201.77 43.985 54.08 44.0204 51.8872 4.72 5.355 2.195 4.27 43.9569 51.7458 5.46294e-07 49
81.76 84.485 84.52 92.16 89.3 201.77 43.985 54.08 44.0204 51.8872 4.72 5.355 3.2325 4.27 43.9569 51.7458 2.22977e-07 20
