55.529 75.2269 56.9916 100.526 58.1368 98.9156 37.9578 63.3255 4.39575 58.7354 3.02368 5.73898 0.185394 6.25267 8.29184 58.8677 6.22439e-13 23
75.2269 94.9249 56.9916 100.526 58.1368 78.5262 37.9578 63.3255 4.39575 58.7354 3.02368 5.73898 0.185394 6.25267 8.29184 58.8677 0 0
75.2269 94.9249 56.9916 78.7589 78.5262 98.9156 37.9578 63.3255 4.39575 58.7354 3.02368 5.73898 0.185394 6.25267 8.29184 58.8677 0 0
75.2269 94.9249 78.7589 100.526 78.5262 98.9156 37.9578 63.3255 4.39575 31.5656 3.02368 5.73898 0.185394 6.25267 8.29184 58.8677 2.81451e-12 13
75.2269 94.9249 78.7589 100.526 78.5262 98.9156 37.9578 63.3255 31.5656 58.7354 3.02368 5.73898 0.185394 6.25267 8.29184 33.5797 6.92802e-12 16
75.2269 94.9249 78.7589 100.526 78.5262 98.9156 37.9578 63.3255 31.5656 58.7354 3.02368 4.38133 0.185394 6.25267 33.5797 58.8677 3.63721e-11 42
75.2269 94.9249 78.7589 89.6425 78.5262 98.9156 37.9578 63.3255 31.5656 58.7354 4.38133 5.73898 0.185394 6.25267 33.5797 58.8677 3.15225e-10 182
75.2269 94.9249 89.6425 100.526 78.5262 88.7209 37.9578 63.3255 31.5656 58.7354 4.38133 5.73898 0.185394 6.25267 33.5797 58.8677 2.14769e-10 62
75.2269 85.0759 89.6425 100.526 88.7209 98.9156 37.9578 63.3255 31.5656 58.7354 4.38133 5.73898 0.185394 6.25267 33.5797 58.8677 7.55154e-10 109
85.0759 90.0004 89.6425 100.526 88.7209 98.9156 37.9578 63.3255 31.5656 58.7354 4.38133 5.73898 0.185394 6.25267 33.5797 58.8677 5.62555e-09 406
90.0004 94.9249 89.6425 100.526 88.7209 98.9156 37.9578 63.3255 31.5656 58.7354 4.38133 5.73898 0.185394 6.25267 33.5797 58.8677 9.28355e-10 67
