0 0.25 0 0.25 0 0
0.5 0.75 0 1 1.12 42
0 0.125 0.5 0.625 0 0
0.25 0.375 0.5 0.625 0 0
0.25 0.375 0.75 1 2.98667 14
0.25 0.5 0 0.5 0.32 6
0.125 0.1875 0.5 0.75 2.13333 5
0.375 0.5 0.5 0.5625 0.853333 1
0.125 0.25 0.75 0.8125 0.853333 1
0.375 0.5 0.625 0.75 0.426667 1
0.25 0.28125 0.625 0.75 1.70667 1
0.125 0.15625 0.875 0.9375 0 0
0 0.125 0.25 0.5 0 0
0.125 0.25 0.25 0.375 0 0
0.375 0.4375 0.75 0.875 0 0
0.125 0.25 0.8125 0.84375 1.70667 1
0.375 0.5 0.875 1 0.853333 2
0.125 0.132812 0.9375 1 27.3067 2
0.1875 0.25 0.5 0.625 1.70667 2
0.4375 0.46875 0.75 0.78125 0 0
0.75 0.875 0 0.5 1.49333 14
0.3125 0.34375 0.625 0.75 0 0
0.875 0.9375 0 1 1.38667 13
0.125 0.25 0.375 0.5 1.28 3
0.9375 1 0 1 0.32 3
0.1875 0.25 0.9375 1 0 0
0.4375 0.453125 0.8125 0.828125 54.6133 2
0.375 0.4375 0.5625 0.625 1.70667 1
0.125 0.25 0.84375 0.875 1.70667 1
0.4375 0.5 0.78125 0.8125 0 0
0.1875 0.25 0.875 0.90625 3.41333 1
0.46875 0.5 0.8125 0.875 0 0
0.4375 0.46875 0.84375 0.875 0 0
0.15625 0.171875 0.875 0.9375 0 0
0.1875 0.25 0.90625 0.9375 17.0667 5
0.171875 0.1875 0.875 0.9375 20.48 3
0.34375 0.375 0.625 0.75 3.41333 2
0.46875 0.476562 0.75 0.78125 81.92 3
0.4375 0.5 0.5625 0.625 5.12 3
0.75 0.875 0.5 0.75 0.853333 4
0.15625 0.1875 0.9375 1 0 0
0.75 0.875 0.75 1 0 0
0 0.125 0.75 1 1.28 6
0.453125 0.46875 0.8125 0.84375 0 0
0.1875 0.25 0.625 0.75 0.853333 1
0.484375 0.5 0.75 0.78125 0 0
0.476562 0.484375 0.75 0.78125 0 0
0.140625 0.15625 0.9375 1 0 0
0 0.125 0.625 0.75 1.70667 4
0.4375 0.453125 0.828125 0.84375 0 0
0.132812 0.140625 0.9375 1 0 0
0.28125 0.3125 0.625 0.75 5.12 3
