0 0.25 0 0.25 0 0
0.5 1 0 1 1.01333 76
0 0.125 0.5 1 1.06667 10
0.25 0.375 0.5 0.625 0 0
0.25 0.375 0.75 1 2.98667 14
0.25 0.5 0 0.5 0.32 6
0.125 0.25 0.5 0.75 1.70667 8
0.375 0.5 0.5 0.625 2.13333 5
0.125 0.25 0.75 0.8125 0.853333 1
0.375 0.5 0.625 0.75 0.426667 1
0.25 0.375 0.625 0.75 2.56 6
0.125 0.1875 0.875 1 4.26667 5
0 0.125 0.25 0.5 0 0
0.125 0.25 0.25 0.375 0 0
0.375 0.4375 0.75 0.875 0 0
0.125 0.25 0.8125 0.875 1.70667 2
0.375 0.5 0.875 1 0.853333 2
0.1875 0.25 0.875 0.90625 3.41333 1
0.4375 0.5 0.75 0.875 4.26667 5
0.1875 0.25 0.9375 1 0 0
0.1875 0.25 0.90625 0.9375 17.0667 5
0.125 0.25 0.375 0.5 1.28 3
