0 0.25 0 0.25 0.0106667 1
0.5 0.507812 0 0.25 2.048 6
0 0.5 0.5 0.5625 0.853333 40
0 0.5 0.25 0.375 0.266667 25
0.25 0.28125 0 0.25 0 0
0 0.5 0.375 0.40625 0.768 18
0.75 0.8125 0 0.5 1.28 60
0.875 0.90625 0 0.5 1.19467 28
0.9375 0.953125 0 0.5 1.45067 17
0.9375 1 0.5 0.625 0.341333 4
0 0.25 0.75 0.875 2.41067 113
0 0.5 0.4375 0.5 0.917333 43
0.5 0.75 0.5 0.625 1.10933 52
0.96875 1 0 0.25 0 0
0.9375 0.96875 0.75 0.8125 0 0
0.96875 0.972656 0.25 0.5 0 0
0.75 0.8125 0.5 0.625 1.70667 20
0 0.25 0.40625 0.421875 0 0
0 0.125 0.625 0.640625 1.36533 4
0.625 0.75 0 0.5 1.45067 136
0.5625 0.59375 0 0.5 0.64 15
0.96875 0.984375 0.75 0.875 0.341333 1
0.8125 0.84375 0.5 0.625 1.536 9
0.8125 0.828125 0.75 1 0.170667 1
0.984375 1 0.25 0.5 0 0
0.953125 0.96875 0 0.5 0.597333 7
0.984375 1 0.75 1 0 0
0.84375 0.875 0.5 0.75 1.36533 16
0.59375 0.625 0 0.5 1.45067 34
0.8125 0.84375 0.625 0.75 0.682667 4
0.976562 0.984375 0.25 0.5 0.341333 1
0.5 0.75 0.75 0.875 1.19467 56
0.9375 0.96875 0.875 1 0 0
0.53125 0.5625 0 0.5 0.725333 17
0 0.5 0.5625 0.59375 1.024 24
0 0.125 0.6875 0.75 0.682667 8
0.9375 0.953125 0.8125 0.828125 0 0
0 0.5 0.65625 0.6875 1.152 27
0 0.5 0.640625 0.65625 1.024 12
0.90625 0.9375 0 1 0.725333 34
0.9375 0.96875 0.84375 0.875 0 0
0.9375 0.96875 0.828125 0.835938 0 0
0.9375 1 0.625 0.75 0.0853333 1
0.25 0.375 0.625 0.632812 2.73067 4
0 0.5 0.875 0.9375 2.06933 97
0.96875 0.972656 0.875 1 4.096 3
0.5 0.625 0.625 0.75 1.408 33
0 0.5 0.9375 1 1.088 51
0.75 0.8125 0.75 1 1.19467 28
0.972656 0.976562 0.25 0.5 1.36533 2
0.25 0.3125 0.40625 0.4375 0.341333 1
0.375 0.5 0.40625 0.4375 0 0
0.976562 0.984375 0.875 1 0 0
0.875 0.890625 0.5 1 1.28 15
0.9375 0.96875 0.835938 0.84375 5.46133 2
0.25 0.5 0.75 0.8125 1.62133 38
0 0.25 0.421875 0.425781 0 0
0 0.125 0.59375 0.625 1.36533 8
0.25 0.5 0.59375 0.625 1.36533 16
0.125 0.25 0.625 0.640625 5.12 15
0.84375 0.859375 0.75 1 0.170667 1
0.515625 0.53125 0 0.5 1.19467 14
0.890625 0.90625 0.5 0.5625 2.73067 4
0.3125 0.375 0.40625 0.421875 0 0
0.75 0.8125 0.625 0.65625 3.75467 11
0 0.25 0.429688 0.4375 0 0
0 0.25 0.425781 0.427734 2.73067 2
0.375 0.4375 0 0.25 0.213333 5
0.890625 0.90625 0.75 1 0.170667 1
0.890625 0.90625 0.625 0.75 0.341333 1
0.25 0.375 0.6875 0.75 2.38933 28
0.125 0.25 0.6875 0.75 1.792 21
0.953125 0.96875 0.8125 0.828125 8.192 3
0.3125 0.34375 0 0.25 0 0
0.972656 0.976562 0.875 1 0 0
0.3125 0.375 0.421875 0.429688 0 0
0.34375 0.375 0 0.125 0.170667 1
0.890625 0.90625 0.5625 0.625 0 0
0.75 0.8125 0.6875 0.75 1.024 6
0.5 0.515625 0.25 0.5 1.024 6
0.125 0.25 0.59375 0.625 1.36533 8
0.5 0.75 0.875 1 1.024 48
0.625 0.75 0.625 0.75 1.408 33
0.375 0.4375 0.625 0.640625 2.73067 4
0.25 0.5 0.8125 0.875 1.83467 43
0 0.25 0.427734 0.429688 0 0
0.507812 0.515625 0 0.25 2.048 6
0.28125 0.3125 0 0.25 0.341333 4
0.34375 0.375 0.125 0.25 0.682667 4
0.75 0.78125 0.65625 0.6875 0 0
0.4375 0.5 0.625 0.640625 0 0
0.8125 0.875 0 0.5 1.13067 53
0.375 0.5 0.6875 0.75 1.45067 17
0.3125 0.34375 0.429688 0.4375 0 0
0.859375 0.875 0.75 1 1.024 6
0.4375 0.46875 0 0.25 0.0853333 1
0.46875 0.5 0 0.25 0.768 9
0.78125 0.8125 0.65625 0.6875 2.048 3
0.34375 0.375 0.429688 0.4375 5.46133 2
0.25 0.375 0.632812 0.640625 0 0
0.828125 0.84375 0.75 1 1.36533 8
