0 0.25 0 0.25 0.0106667 1
0.5 0.53125 0 0.5 1.36533 32
0 0.5 0.5 0.5625 0.853333 40
0 0.5 0.25 0.375 0.266667 25
0.25 0.5 0 0.25 0.256 24
0 0.5 0.375 0.40625 0.768 18
0.75 0.875 0 0.5 1.20533 113
0.875 0.890625 0 1 1.36533 32
0.9375 0.953125 0 0.5 1.45067 17
0.9375 1 0.5 0.625 0.341333 4
0 0.25 0.75 0.875 2.41067 113
0 0.5 0.4375 0.5 0.917333 43
0.5 0.75 0.5 0.625 1.10933 52
0.96875 1 0 0.25 0 0
0.9375 0.96875 0.75 0.8125 0 0
0.96875 0.972656 0.25 0.5 0 0
0.75 0.8125 0.5 0.75 1.70667 40
0 0.5 0.40625 0.4375 0.213333 5
0 0.25 0.625 0.640625 3.24267 19
0.625 0.75 0 0.5 1.45067 136
0.5625 0.578125 0 0.125 0 0
0.96875 0.984375 0.75 0.875 0.341333 1
0.8125 0.84375 0.5 0.625 1.536 9
0.8125 0.875 0.75 1 0.682667 16
0.984375 1 0.25 0.5 0 0
0.953125 0.96875 0 0.5 0.597333 7
0.984375 1 0.75 1 0 0
0.84375 0.875 0.5 0.75 1.36533 16
0.59375 0.625 0 0.5 1.45067 34
0.8125 0.828125 0.625 0.6875 0 0
0.976562 0.984375 0.25 0.5 0.341333 1
0.5 0.75 0.75 0.8125 0.810667 19
0.9375 0.96875 0.875 1 0 0
0.53125 0.5625 0 0.5 0.725333 17
0 0.5 0.5625 0.625 1.19467 56
0 0.5 0.6875 0.75 1.57867 74
0.9375 0.96875 0.8125 0.828125 4.096 3
0 0.5 0.65625 0.6875 1.152 27
0 0.5 0.640625 0.65625 1.024 12
0.90625 0.9375 0 1 0.725333 34
0.9375 0.96875 0.84375 0.875 0 0
0.9375 0.96875 0.828125 0.835938 0 0
0.9375 1 0.625 0.75 0.0853333 1
0.25 0.375 0.625 0.632812 2.73067 4
0 0.5 0.875 0.9375 2.06933 97
0.96875 0.972656 0.875 1 4.096 3
0.5 0.75 0.625 0.75 1.408 66
0 0.5 0.9375 1 1.088 51
0.75 0.8125 0.75 1 1.19467 28
0.375 0.4375 0.625 0.640625 2.73067 4
0.25 0.375 0.632812 0.640625 0 0
0.9375 0.96875 0.835938 0.84375 5.46133 2
0.828125 0.84375 0.625 0.75 0.341333 1
0.890625 0.90625 0 1 0.725333 17
0.972656 0.976562 0.25 0.5 1.36533 2
0.976562 0.984375 0.875 1 0 0
0.8125 0.820312 0.6875 0.75 0 0
0.972656 0.976562 0.875 1 0 0
0.25 0.375 0.75 0.875 2.048 48
0.5 0.75 0.875 1 1.024 48
0.4375 0.5 0.625 0.640625 0 0
0.5 0.75 0.8125 0.875 1.57867 37
0.578125 0.59375 0 0.5 0.512 6
0.375 0.5 0.75 0.875 1.408 33
0.820312 0.828125 0.6875 0.75 4.096 3
0.5625 0.570312 0.25 0.5 0 0
0.570312 0.578125 0.25 0.5 2.38933 7
0.5625 0.578125 0.125 0.25 0.682667 2
