0 0.25 0 0.25 0 0
0.5 0.625 0 0.125 0.426667 1
0 0.0625 0.5 0.75 0.426667 1
0.25 0.375 0.5 0.625 0 0
0.25 0.375 0.75 1 2.98667 14
0.25 0.5 0 0.25 0.32 3
0.125 0.15625 0.5 0.625 0 0
0.375 0.40625 0.5 0.625 0 0
0.125 0.25 0.75 0.8125 0.853333 1
0.375 0.5 0.625 0.75 0.426667 1
0.25 0.28125 0.625 0.75 1.70667 1
0.125 0.15625 0.875 0.9375 0 0
0 0.125 0.25 0.5 0 0
0.125 0.25 0.25 0.375 0 0
0.375 0.4375 0.75 0.875 0 0
0.125 0.1875 0.8125 0.875 0 0
0.375 0.5 0.875 0.90625 3.41333 2
0.125 0.132812 0.9375 1 27.3067 2
0.1875 0.21875 0.5 0.75 0.853333 1
0.4375 0.46875 0.75 0.8125 0 0
0.75 0.875 0 0.5 1.49333 14
0.3125 0.34375 0.625 0.75 0 0
0.875 0.90625 0 1 1.92 9
0.125 0.1875 0.375 0.5 0.853333 1
0.9375 1 0 1 0.32 3
0.1875 0.25 0.9375 1 0 0
0.1875 0.203125 0.875 0.9375 20.48 3
0.15625 0.171875 0.875 0.9375 0 0
0.375 0.5 0.9375 1 0 0
0.375 0.5 0.90625 0.9375 0 0
0.34375 0.375 0.625 0.75 3.41333 2
0.15625 0.1875 0.9375 1 0 0
0.5 0.75 0.5 0.5625 1.28 3
0.46875 0.476562 0.75 0.78125 81.92 3
0.21875 0.25 0.5 0.625 3.41333 2
0.46875 0.5 0.8125 0.875 0 0
0.171875 0.1875 0.875 0.9375 20.48 3
0.0625 0.125 0.5 1 1.06667 5
0.140625 0.15625 0.9375 1 0 0
0.1875 0.21875 0.375 0.5 3.41333 2
0.4375 0.5 0.5 0.5625 0 0
0.5 0.75 0.25 0.5 0.96 9
0.21875 0.25 0.375 0.5 0 0
0.625 0.640625 0 0.25 3.41333 2
0.125 0.1875 0.625 0.75 2.56 3
0.5 0.5625 0.125 0.25 0 0
0.75 0.875 0.5 0.75 0.853333 4
0.1875 0.25 0.8125 0.875 3.41333 2
0.132812 0.140625 0.9375 1 0 0
0.4375 0.453125 0.8125 0.828125 54.6133 2
0.453125 0.46875 0.8125 0.875 0 0
0.5 0.75 0.75 1 1.28 12
0.4375 0.453125 0.84375 0.875 0 0
0.46875 0.5 0.78125 0.8125 0 0
0.15625 0.171875 0.5 0.625 0 0
0.6875 0.75 0 0.25 0.853333 2
0.5625 0.59375 0.125 0.25 0 0
0.90625 0.9375 0 1 0.853333 4
0.59375 0.625 0.125 0.25 6.82667 4
0.25 0.5 0.25 0.5 0.32 3
0.65625 0.6875 0 0.25 0 0
0.484375 0.5 0.75 0.78125 0 0
0.476562 0.484375 0.75 0.78125 0 0
0.171875 0.1875 0.5 0.625 6.82667 2
0.21875 0.25 0.625 0.75 0 0
0.4375 0.453125 0.828125 0.84375 0 0
0.5 0.75 0.625 0.65625 0.853333 1
0 0.0625 0.75 1 1.70667 4
0.5 0.75 0.6875 0.75 0 0
0.75 0.875 0.75 1 0 0
0.21875 0.234375 0.875 0.9375 0 0
0.28125 0.3125 0.625 0.6875 10.24 3
0.40625 0.421875 0.5 0.625 6.82667 2
0.4375 0.5 0.5625 0.625 5.12 3
0.421875 0.4375 0.5 0.625 0 0
0.5 0.75 0.65625 0.6875 5.97333 7
0.234375 0.242188 0.875 0.9375 27.3067 2
0.28125 0.3125 0.6875 0.75 0 0
0.203125 0.21875 0.875 0.9375 6.82667 1
0.640625 0.65625 0 0.25 0 0
0.242188 0.25 0.875 0.9375 0 0
0.5 0.75 0.5625 0.625 0.426667 1
