0 0.25 0 0.25 0.0106667 1
0.5 0.53125 0 0.5 1.36533 32
0 0.25 0.5 0.625 0.981333 46
0 0.5 0.25 0.375 0.266667 25
0.25 0.5 0 0.25 0.256 24
0 0.5 0.375 0.40625 0.768 18
0.75 0.875 0 0.5 1.20533 113
0.875 0.9375 0 1 0.885333 83
0.9375 0.953125 0 0.5 1.45067 17
0.9375 0.96875 0.5 0.75 0.0853333 1
0 0.25 0.75 0.875 2.41067 113
0 0.5 0.4375 0.5 0.917333 43
0.5 0.75 0.5 1 1.184 222
0.96875 1 0 0.25 0 0
0.9375 0.96875 0.75 0.8125 0 0
0.96875 0.984375 0.25 0.5 0.512 3
0.75 0.8125 0.5 1 1.45067 68
0 0.5 0.40625 0.421875 0.0853333 1
0 0.125 0.625 0.75 0.938667 22
0.625 0.75 0 0.5 1.45067 136
0.5625 0.578125 0 0.25 0.341333 2
0.96875 0.984375 0.75 0.875 0.341333 1
0.8125 0.84375 0.5 0.75 1.10933 13
0.8125 0.828125 0.75 1 0.170667 1
0.984375 1 0.25 0.5 0 0
0.953125 0.96875 0 0.5 0.597333 7
0.984375 1 0.75 1 0 0
0.84375 0.875 0.5 0.75 1.36533 16
0.59375 0.625 0 0.5 1.45067 34
0.9375 0.96875 0.875 1 0 0
0.9375 0.96875 0.8125 0.84375 3.41333 5
0.25 0.5 0.625 0.6875 1.19467 28
0 0.5 0.875 0.9375 2.06933 97
0 0.5 0.9375 1 1.088 51
0.9375 0.96875 0.84375 0.875 0 0
0.96875 1 0.5 0.75 0.341333 4
0.25 0.5 0.5 0.625 1.06667 50
0.96875 0.972656 0.875 1 4.096 3
0.84375 0.859375 0.75 1 0.170667 1
0.578125 0.59375 0 0.5 0.512 6
0.976562 0.984375 0.875 1 0 0
0 0.5 0.421875 0.4375 0.341333 4
0.53125 0.5625 0 0.5 0.725333 17
0.25 0.375 0.6875 0.75 2.38933 28
0.25 0.5 0.75 0.875 1.728 81
0.828125 0.84375 0.75 1 1.36533 8
0.972656 0.976562 0.875 1 0 0
0.5625 0.570312 0.25 0.5 0 0
0.570312 0.578125 0.25 0.5 2.38933 7
0.859375 0.875 0.75 1 1.024 6
0.375 0.5 0.6875 0.75 1.45067 17
0.125 0.25 0.625 0.75 1.92 45
