0 0.25 0 0.25 0 0
0.5 0.75 0 1 1.12 42
0 0.125 0.5 0.625 0 0
0.25 0.375 0.5 0.625 0 0
0.25 0.375 0.75 1 2.98667 14
0.25 0.5 0 0.5 0.32 6
0.125 0.1875 0.5 0.75 2.13333 5
0.375 0.5 0.5 0.5625 0.853333 1
0.125 0.25 0.75 0.8125 0.853333 1
0.375 0.5 0.625 0.75 0.426667 1
0.25 0.3125 0.625 0.75 3.41333 4
0.125 0.15625 0.875 0.9375 0 0
0 0.125 0.25 0.5 0 0
0.125 0.25 0.25 0.375 0 0
0.375 0.4375 0.75 0.875 0 0
0.125 0.1875 0.8125 0.875 0 0
0.375 0.5 0.875 1 0.853333 2
0.125 0.1875 0.9375 1 3.41333 2
0.1875 0.25 0.5 0.75 1.28 3
0.4375 0.5 0.75 0.875 4.26667 5
0.75 0.875 0 0.5 1.49333 14
0.3125 0.375 0.625 0.6875 1.70667 1
0.875 0.9375 0 1 1.38667 13
0.125 0.25 0.375 0.5 1.28 3
0.9375 1 0 1 0.32 3
0.375 0.5 0.5625 0.625 3.41333 4
0.1875 0.25 0.875 0.9375 10.24 6
0.1875 0.25 0.9375 1 0 0
0.3125 0.375 0.6875 0.75 1.70667 1
0.75 0.875 0.5 0.75 0.853333 4
0 0.125 0.75 1 1.28 6
0.75 0.875 0.75 1 0 0
0 0.125 0.625 0.75 1.70667 4
0.1875 0.25 0.8125 0.875 3.41333 2
0.15625 0.1875 0.875 0.9375 10.24 3
