0 0.25 0 0.25 0.0106667 1
0.5 0.75 0 1 1.216 456
0.75 0.875 0 1 1.20533 226
0 0.5 0.5 0.625 1.024 96
0 0.5 0.25 0.375 0.266667 25
0.875 0.890625 0 1 1.36533 32
0.25 0.5 0 0.25 0.256 24
0.9375 0.953125 0 0.5 1.45067 17
0 0.25 0.75 0.875 2.41067 113
0 0.5 0.625 0.75 1.49333 140
0.90625 0.9375 0 1 0.725333 34
0.9375 1 0.5 1 0.298667 14
0 0.5 0.375 0.40625 0.768 18
0.96875 0.984375 0 0.5 0.256 3
0 0.5 0.875 0.9375 2.06933 97
0.953125 0.96875 0 0.5 0.597333 7
0.984375 1 0 0.5 0 0
0 0.5 0.9375 1 1.088 51
0 0.5 0.4375 0.5 0.917333 43
0.25 0.5 0.75 0.875 1.728 81
0.890625 0.90625 0 1 0.725333 17
0 0.5 0.40625 0.4375 0.213333 5
