0 0.25 0 0.25 0.0106667 1
0.5 0.53125 0 1 1.49333 70
0.75 0.875 0 1 1.20533 226
0 0.5 0.5 0.625 1.024 96
0 0.5 0.25 0.3125 0.234667 11
0.875 0.890625 0 1 1.36533 32
0.25 0.5 0 0.25 0.256 24
0.9375 0.953125 0 0.5 1.45067 17
0 0.25 0.75 0.875 2.41067 113
0 0.5 0.625 0.75 1.49333 140
0.90625 0.9375 0 1 0.725333 34
0.9375 0.96875 0.5 0.75 0.0853333 1
0 0.5 0.375 0.40625 0.768 18
0.96875 0.984375 0 0.5 0.256 3
0 0.5 0.875 0.9375 2.06933 97
0.953125 0.96875 0 0.5 0.597333 7
0.984375 1 0 0.5 0 0
0.25 0.375 0.75 0.8125 1.62133 19
0 0.5 0.3125 0.375 0.298667 14
0.96875 1 0.5 0.75 0.341333 4
0.375 0.5 0.75 0.875 1.408 33
0.25 0.375 0.8125 0.875 2.47467 29
0.9375 0.96875 0.75 0.8125 0 0
0 0.5 0.9375 1 1.088 51
0 0.5 0.4375 0.5 0.917333 43
0.890625 0.90625 0 1 0.725333 17
0.9375 0.96875 0.875 1 0 0
0 0.5 0.40625 0.4375 0.213333 5
0.625 0.75 0 1 1.328 249
0.96875 0.984375 0.75 1 0.682667 4
0.984375 1 0.75 1 0 0
0.9375 0.96875 0.8125 0.84375 3.41333 5
0.9375 0.96875 0.84375 0.875 0 0
0.5625 0.625 0 1 1.088 102
0.53125 0.5625 0 1 0.746667 35
