0.900305
0.963292
0.971957
1.28968
1.21447
1.04683
1.11732
1.27071
0.854654
1.11429
0.845806
1.19108
1.02262
1.22412
0.971811
0.772107
1.31971
0.911238
1.03339
1.27249
1.26227
0.955308
1.04293
1.08759
1.22701
0.890266
0.659365
1.33574
0.86807
1.10873
1.26482
1.01439
1.22701
0.991706
0.937942
0.855708
0.897959
1.28996
1.12233
1.3524
1.28968
1.23288
0.80807
0.920338
0.936574
1.14888
1.27071
0.914753
0.854654
1.13089
0.964897
1.23024
1.16586
0.868513
1.04683
1.28872
0.831396
0.946956
0.857847
1.0983
1.28936
0.938773
0.9792
1.27738
1.11333
0.952845
1.22281
0.720132
0.940422
0.95747
1.0896
0.997353
0.9792
0.801102
1.15053
0.833093
1.236
1.29541
1.14668
0.976754
0.855571
0.863592
0.865426
1.31067
1.3524
0.951465
1.14783
0.900305
1.23109
0.897959
1.11732
0.983516
0.849962
0.956462
0.950632
1.10442
0.987764
0.929007
0.900305
0.580068
0.914837
1.08788
0.683371
1.15062
0.90236
1.20838
1.32504
0.623435
1.33299
0.799796
1.12016
1.0965
1.33712
0.690166
0.868743
1.33519
0.900305
0.795853
0.878613
0.935627
1.13891
0.961917
0.878293
0.91894
0.95747
0.567202
1.3524
1.19763
1.28936
1.28042
0.927031
1.2371
1.1707
1.03162
0.940422
0.993907
0.90236
0.795853
1.0636
1.1718
0.943801
1.08869
0.912491
1.11824
1.26227
0.833093
0.521319
1.0786
1.17116
1.13973
1.32425
1.03499
0.955087
1.1128
1.20838
1.01313
1.05657
0.936574
1.14783
0.997542
1.1128
1.17212
0.704077
0.922195
0.908842
0.833093
0.665951
1.23109
1.2587
0.750576
0.855219
0.856824
0.964163
0.857847
0.71213
0.908747
1.32274
0.868574
1.21298
1.16334
1.12178
0.993235
0.956829
1.1707
0.861698
1.1853
1.28973
0.659365
0.852896
1.13286
0.975991
1.05887
0.938773
1.01148
1.05152
1.30036
1.33519
0.75597
1.28996
1.04683
1.02807
1.17856
0.953411
1.29014
0.916953
1.14111
1.32529
1.29156
1.31994
1.1842
1.29014
0.865426
1.17856
1.15062
0.9508
1.10459
1.10387
0.896133
1.32529
0.914753
0.962192
0.939414
1.14769
1.28872
0.995153
1.03162
1.1001
1.03162
1.05987
0.827278
0.892038
0.658825
1.13681
1.19043
1.32458
1.31201
1.16682
1.23288
0.863623
1.13286
0.881012
0.991706
1.11291
0.968261
1.12016
0.912491
0.91894
0.963155
1.26153
1.2235
1.28968
1.02262
0.836393
0.985806
0.863592
0.980081
1.14136
1.15536
1.08785
1.08785
0.912491
0.991317
1.14976
1.34616
0.850658
0.727732
0.864784
1.13089
1.0627
1.13533
0.936574
1.11333
0.853951
1.02752
1.17116
0.973755
0.847808
1.33712
1.12178
1.04052
0.897959
0.86124
1.2371
1.32552
1.28024
1.24839
0.654369
1.1718
1.23024
1.21685
1.0531
1.20489
1.1128
0.878293
0.940234
1.08974
0.934526
0.951052
0.603804
1.18896
1.22607
1.29156
1.18846
1.20838
0.80807
0.954766
1.11732
0.658825
0.941891
0.954766
1.2587
0.567202
1.14906
1.22701
1.18358
1.29123
0.850979
1.18088
1.31994
0.902689
0.981583
1.13286
0.87947
1.26227
0.965539
1.28276
0.998767
0.968559
1.13973
1.05114
0.85337
0.937123
1.13032
0.929007
1.12178
1.33519
0.975578
0.983516
1.07491
0.962192
1.28881
1.09141
1.2235
0.954766
0.9792
1.273
0.921262
1.17706
1.02547
1.13089
1.17682
1.11732
1.32274
1.28326
0.946697
1.03499
0.799796
1.19483
0.904025
1.00091
1.27249
1.24525
0.976487
0.461785
1.18896
1.23959
0.831396
1.15053
1.22412
1.15733
0.853019
1.25868
1.08785
1.31681
1.31127
0.831396
1.17212
0.902689
0.430551
0.992051
1.14892
1.31127
0.980081
0.678207
1.00419
1.24397
0.909428
0.955453
0.943939
0.829204
0.955453
1.29123
0.984609
0.950632
0.887782
1.0965
1.15062
0.862042
1.14493
0.942847
0.452617
1.29765
0.890266
0.761105
0.987764
1.26373
1.2235
1.3524
0.984568
1.29765
1.11824
1.28881
0.984609
0.878445
1.11891
1.02239
1.03499
0.997542
0.906886
0.956462
0.678207
0.914753
0.962139
1.02231
1.27738
0.983509
0.194738
1.00419
0.955308
0.59812
1.14888
1.29123
0.96398
1.2587
1.0998
0.875176
0.954053
0.875176
1.03339
0.983516
0.90236
1.0521
0.975991
1.11661
1.13286
1.2139
1.32214
1.1128
1.12291
0.997353
1.12291
1.25062
1.33016
0.904163
1.3524
0.911238
1.08775
1.34616
0.766789
0.992256
0.902689
0.907403
0.977129
1.14866
0.993235
1.12868
1.03499
1.19108
0.920338
0.975991
0.955308
1.13089
0.690166
0.956003
0.973003
1.18193
1.33299
0.654369
0.884466
1.22701
1.08424
0.917351
1.15963
1.17212
1.25384
0.998767
0.761105
0.976754
0.430551
1.08785
1.19525
0.896133
1.20489
0.9508
1.08974
1.33272
0.914753
0.674203
0.864784
1.24734
0.860017
1.31837
0.922545
1.14866
1.15062
0.683371
1.33016
0.985067
1.11366
1.32989
1.08775
1.2017
0.693238
1.14866
0.904025
1.23288
1.0649
1.14347
1.33519
0.914753
0.84874
1.08037
1.11688
0.868276
1.26227
1.10689
1.0896
1.0896
1.00247
0.952703
0.985067
0.943908
0.899785
1.03499
0.839426
0.507933
0.985806
1.31887
1.19108
0.945497
0.920155
1.32552
1.33574
1.10873
1.11555
1.20838
1.10614
0.992754
0.198406
1.18896
1.25897
1.19108
1.0983
1.28881
0.855005
1.04463
0.960794
1.13089
0.985067
0.907204
0.761105
1.03174
0.956003
1.19704
0.956829
1.26043
1.10996
1.11273
1.0896
0.955453
1.13485
1.32504
1.32767
0.724232
1.10387
1.04683
1.18193
1.28872
0.601574
1.21298
0.997666
1.14888
1.30036
0.971811
1.34482
1.14888
1.19602
0.868513
1.10912
1.13533
1.13973
0.917351
0.976754
1.13089
0.951465
1.33712
0.980081
1.21447
1.27561
1.32274
1.23288
0.993058
0.693238
0.912797
0.894598
1.10345
1.02812
0.829204
0.980081
0.854654
1.35146
0.955721
0.961879
1.17706
1.22412
0.963636
1.33299
1.3524
0.964163
1.16586
1.14906
1.23288
0.801102
1.26373
0.80807
0.953411
1.15154
1.15733
0.955087
1.08974
1.27662
0.950523
1.27561
1.04293
0.96786
0.727793
1.17706
0.496747
1.13485
1.11243
1.28024
0.964163
0.912797
0.907803
1.08869
1.04463
1.02807
1.30562
1.31681
1.03499
1.18896
1.08974
1.17308
1.31681
1.11429
1.12291
0.491858
0.86901
0.868743
1.0896
1.32552
1.2587
0.996902
1.28042
0.964897
0.567202
1.13089
1.23164
0.907803
1.31499
1.12291
1.28042
1.0627
1.18193
0.951465
1.12868
1.04683
1.33519
1.17308
0.452617
1.07386
0.955308
1.11994
1.12981
0.971957
0.71213
1.3524
1.32636
0.659365
1.13089
1.26153
1.31887
0.906913
0.909484
0.992051
1.1464
1.07168
1.32425
1.14493
1.23481
1.20838
1.02239
1.28042
0.971957
1.06196
0.906886
0.984115
0.854547
0.61335
1.17212
0.917351
0.61335
1.13032
0.895629
0.977129
0.949517
1.02752
0.946956
0.915708
0.945497
0.997542
1.13272
0.92859
1.14888
0.953411
1.25868
1.23109
1.2235
0.862042
0.985806
0.968261
0.979925
0.881012
0.938773
1.11429
0.658825
1.31201
1.14132
0.849962
0.955132
1.10387
0.827278
0.688287
1.22607
1.32214
0.884573
1.32425
1.35146
0.9508
0.971811
1.11429
1.03655
1.12298
1.00193
0.880478
0.964897
1.04683
0.982019
1.19098
1.2185
0.949517
0.601574
0.993907
0.84874
0.915708
1.11291
1.2587
1.12912
0.61499
1.33272
1.28326
0.931294
1.11891
1.31971
0.912491
1.01542
0.601574
1.13139
1.29019
0.845287
1.21298
0.968261
1.29123
1.33299
1.31662
0.99299
1.09529
0.907403
1.23702
0.87688
1.32636
0.914333
1.3524
1.23164
1.29541
0.855219
0.819027
0.678207
1.02262
0.86124
1.16334
1.17116
0.853278
1.05223
1.236
1.17116
0.724232
1.11824
1.0965
1.14888
1.12233
1.09889
1.32842
1.34482
1.29014
0.984609
0.857847
1.13272
1.0965
0.65391
0.688287
0.914753
1.27084
1.10886
1.15536
1.13891
0.878293
1.00403
1.10195
1.2587
0.961879
0.309161
0.857847
0.918229
0.936574
0.897959
1.10459
0.94614
0.900305
0.87947
0.943801
0.964897
0.86124
0.914333
1.3266
1.30562
1.17528
0.918229
1.32636
1.01313
1.23959
1.34616
0.871218
1.23164
1.32504
1.11333
0.845806
0.845287
0.971811
0.904889
1.16588
1.05114
0.91842
0.984609
1.28459
0.659365
0.989208
1.32842
0.937162
1.1745
0.895629
0.75597
0.956462
1.15963
1.12981
0.960794
1.32504
0.955453
1.09889
0.920155
0.819027
1.12912
0.989506
1.14769
0.849091
0.904025
1.10459
0.910798
1.12016
1.13485
1.2371
1.12291
0.918499
1.19602
0.943723
0.940422
1.3524
1.00447
1.08869
1.32425
0.859727
1.29765
1.25605
0.955721
0.952191
0.194738
1.00091
0.984115
1.18846
1.0649
0.894673
1.04293
1.23024
1.27071
0.901657
1.24397
1.07168
0.954053
1.10873
1.28881
1.27845
1.26482
1.11243
1.15733
1.3423
1.28024
1.23288
0.61335
1.33574
0.956462
0.849962
0.984609
0.96398
0.727793
1.3266
1.01439
1.19763
0.761105
0.839426
1.00744
1.08775
1.33272
1.25868
1.23618
0.989208
0.940234
1.17212
1.22701
1.16353
0.937123
1.11366
1.23476
0.895629
1.26227
0.864784
0.945497
0.991706
1.32989
0.965539
0.950632
0.854654
0.912797
0.60952
0.766789
0.995153
0.987764
0.973003
1.32458
1.17386
1.31994
1.06125
0.934526
1.2017
1.07168
1.28996
0.9508
0.855708
1.11366
1.25521
1.15963
1.06125
1.11661
0.924258
0.935627
1.27084
0.884466
1.16366
1.15154
1.15821
1.33712
0.856212
1.21685
1.32168
0.854547
1.06125
0.881899
1.17528
1.14976
0.957623
0.855708
1.22914
0.946956
1.05529
0.953411
1.24734
1.23476
1.13934
1.03499
0.976754
0.65391
0.955545
1.18951
1.00247
0.951465
0.868513
1.31971
1.28996
1.0786
1.25521
1.13286
1.29156
1.14132
1.31994
1.07491
0.937123
1.19525
1.11994
1.21298
1.2587
0.850979
0.949769
1.22914
0.845806
1.28514
1.31067
0.75597
1.0983
1.29019
1.08021
0.678207
0.727793
0.894031
1.14136
1.28973
1.17212
0.960794
1.33519
1.31662
1.1745
0.952703
0.909575
0.867841
0.861698
0.894598
1.32636
1.28326
0.927329
1.11291
1.04463
0.918499
0.884573
1.05529
0.973755
0.878613
0.950961
0.950523
1.14493
0.881012
1.273
1.0786
0.939414
1.16151
1.08869
0.834116
0.845806
1.17706
0.857847
0.955779
0.92859
1.1853
1.34616
1.11661
0.914753
0.956462
1.17125
1.33272
1.27845
1.01579
0.659365
1.17528
1.02752
1.11429
0.712308
0.84874
0.871218
0.991317
0.908747
1.29156
1.17315
0.658825
1.18231
0.687416
1.21298
1.28024
1.10614
0.654369
1.20489
1.12981
1.35146
0.904889
1.13891
0.87827
1.32842
0.993907
0.927329
1.20838
0.801102
0.878613
1.28996
1.00193
0.995153
1.26227
0.993058
0.95747
0.795853
0.997353
0.855219
1.08788
1.22967
1.26153
1.13891
0.975991
1.13032
0.868276
1.19483
1.3266
1.13286
0.906913
1.18951
0.904025
1.13716
1.10936
0.880478
0.965539
1.32168
1.10936
1.02239
0.950632
0.912491
1.24659
1.11555
1.08869
1.0983
1.07168
0.801102
1.27561
0.855219
0.992051
1.02752
0.874694
1.0983
0.983516
1.11366
1.03655
0.958983
1.17125
1.03174
1.24397
1.19704
0.856885
1.12291
0.887782
0.937123
1.30562
1.22412
1.0521
1.1853
1.31201
1.19098
1.31499
1.17212
0.993058
0.909575
1.11661
0.984568
1.32504
0.955308
0.739207
1.23164
0.87947
0.87827
1.32278
1.13089
1.11333
1.28514
0.198406
1.02239
1.0896
0.84874
1.20838
1.23702
0.990293
0.9792
0.895629
0.904889
1.10886
0.856885
0.997353
0.908747
1.20801
1.10387
0.856885
1.12868
0.955721
0.984609
1.13891
1.18193
0.922545
1.00419
1.21298
0.971957
0.864784
1.31837
1.13934
0.890266
1.28872
1.28459
0.80328
0.99854
0.868513
1.01148
0.906913
1.11824
0.61499
0.90236
0.638461
1.11333
1.03162
0.59812
0.720565
0.940422
0.923272
1.10345
1.21298
1.11994
1.27738
0.754137
1.29019
1.11555
1.3423
1.30562
0.910798
0.902689
0.578051
1.10912
1.05657
1.10891
0.69772
1.33519
1.16614
1.09529
0.935627
0.989208
1.27071
1.05223
1.28024
0.992754
1.17212
0.937942
1.32214
1.19763
1.18231
1.08785
0.801102
1.15821
0.955132
1.28042
1.2235
1.24397
1.17125
0.997725
1.05987
0.979658
0.894673
1.2139
1.10873
1.32529
1.19483
0.724232
1.13089
1.09529
1.17212
1.29014
1.32529
1.01148
1.14132
1.29541
0.928872
1.13286
0.989208
0.883595
0.884573
1.09889
1.10297
1.11333
1.11873
1.31067
1.32842
1.10297
1.25384
0.87688
1.28872
0.956829
1.30562
0.9508
0.904163
0.942847
1.0627
0.934086
0.907803
0.868574
1.07491
1.32842
0.65391
1.15821
1.19525
1.13032
1.25384
0.894031
0.853019
1.05152
0.949769
0.904025
1.22119
0.90236
0.968559
0.904025
1.0068
1.14132
0.862042
1.12981
1.16334
0.937123
0.852896
1.23618
1.29123
1.11366
0.915708
0.910798
0.850658
1.31971
0.896133
1.32214
1.17682
1.30562
0.904163
1.10689
1.30562
1.24861
0.902689
1.25897
1.02231
1.04463
1.16588
0.952191
0.914753
0.927329
1.10873
0.926206
1.22412
1.16366
0.906886
1.0649
0.665951
0.638859
0.984609
0.934086
1.05152
0.857847
0.922545
0.977129
1.05987
1.1464
0.993058
1.35146
1.28326
1.22412
0.940234
0.949769
0.772107
1.03499
1.11333
1.21298
1.31662
0.966517
0.984568
0.980081
1.29541
1.0998
1.06877
0.85337
1.31067
1.08759
0.955132
0.981575
1.22281
0.880478
1.14111
1.05887
1.33016
1.05657
0.984609
1.1707
1.22281
0.907803
1.09889
1.17528
1.28872
1.25185
1.28968
1.1745
0.997542
1.04463
0.917351
1.28024
0.920155
1.25384
0.852896
1.08706
1.18896
0.952519
0.995153
0.942847
1.04052
0.955308
1.09614
0.9792
1.21298
1.17125
0.956523
1.0636
1.11176
0.997725
1.14976
1.13716
0.976754
1.13533
1.06218
0.902689
0.973755
1.19108
0.99299
0.868743
0.894031
1.10297
0.907204
1.12981
1.22412
0.863592
1.33776
0.861698
0.935627
0.743145
0.907803
1.28459
0.868513
0.853019
1.18951
1.10459
0.678207
1.25605
0.963155
0.801102
0.904025
1.0998
0.845837
1.31837
1.32274
0.954053
1.0521
1.31662
0.988574
0.9792
1.16614
1.26373
1.19093
1.13089
1.11824
1.29123
1.12868
1.10528
1.19525
1.11429
1.11994
0.884573
0.961879
0.855571
1.10873
1.13973
1.0965
1.32989
0.998767
0.859727
0.922087
0.856885
1.15536
0.953411
0.909428
0.943908
0.916127
1.20838
1.14976
1.13089
1.17308
0.514779
1.14111
1.26043
0.892038
1.3524
1.32168
0.956003
0.945497
1.24861
1.14347
0.985806
1.06877
1.0057
0.903789
1.28968
1.32504
0.850658
0.955308
1.13485
0.724232
0.973755
1.0983
0.915708
1.20489
1.09569
1.32842
1.16614
0.952703
1.31201
0.853278
1.10297
0.951465
1.13089
1.0786
0.865426
1.11555
1.0786
0.99854
1.11851
0.927329
0.989208
1.1128
0.954053
1.14769
0.909526
0.943939
1.11732
1.11858
1.24659
1.32529
0.853019
1.2371
1.26373
1.14906
1.14892
0.985067
1.06218
1.236
0.743145
1.13089
1.02239
0.985067
0.985884
1.16151
1.04463
1.28936
0.909575
0.985806
0.983516
0.997542
1.33272
0.923272
0.80807
0.849962
1.22914
1.33574
0.83498
1.28872
1.24397
0.923272
1.25897
0.979658
0.854669
1.20489
1.19483
0.848725
0.950523
0.801102
1.30562
1.25521
1.12291
0.904025
0.905256
1.10773
0.991706
1.13286
1.1464
1.30036
1.03162
1.13089
0.84874
1.2587
0.950523
0.799796
1.20489
0.863592
0.942847
0.997542
0.86124
1.03499
0.836393
0.839426
0.854654
1.04683
0.956462
1.32458
0.852896
0.955132
0.654369
0.975991
0.95566
1.09614
0.799796
0.911238
1.0531
1.28514
0.947614
1.02483
1.02547
0.90521
1.12868
1.33712
1.13681
0.673485
1.10297
0.956003
1.03339
1.28936
1.09529
0.937162
0.909484
1.17706
0.971957
1.1707
1.08974
0.962192
0.884573
0.887782
1.11555
0.931294
1.31201
1.23109
0.952845
1.2279
1.23476
0.754137
0.601574
1.1718
1.12868
1.12868
1.0896
0.75597
1.11732
1.14866
0.861698
0.939414
0.975578
0.943939
1.03655
1.26043
1.13891
1.19093
1.11555
0.921262
1.15733
0.995153
1.20801
0.766789
0.985806
1.22914
1.04683
1.24861
1.10528
1.13716
1.16366
1.10912
1.11851
1.32214
0.678207
0.953411
1.33574
1.02752
1.17212
1.24659
1.3524
0.880478
0.59812
1.27071
1.28996
0.65391
1.16334
1.28996
0.911238
1.17116
1.13485
0.963155
1.15154
1.35146
0.861698
1.28881
1.2587
1.25332
0.864784
0.878445
1.10936
0.938865
0.861698
0.936574
1.2279
0.867841
1.32552
0.989506
1.31499
0.935627
0.989506
1.27561
0.95092
0.964163
1.11429
1.16151
1.16682
1.3524
0.878628
0.984115
1.11994
0.975991
1.27561
0.955087
1.05887
0.59812
0.927512
0.988574
0.683371
1.22701
1.28968
0.907803
0.908842
0.894598
1.05987
1.26227
1.25062
0.868276
1.0983
0.899785
1.16682
0.848725
1.25062
1.23164
0.952191
1.29019
0.851613
0.589206
1.11366
0.984568
0.827278
1.22119
1.10996
0.953411
0.856885
1.3524
1.21298
0.96786
0.845837
0.854547
1.22119
1.14892
1.26153
1.17706
0.862042
1.27084
0.95747
1.24861
1.32989
1.29014
0.956829
1.31837
1.29765
1.32842
0.912797
1.1745
0.658092
0.943801
1.18231
1.23481
0.954053
1.09442
0.829204
1.32842
0.881899
0.922195
1.3266
1.32425
1.14132
1.2185
0.924258
1.2139
0.917351
1.22914
1.08869
0.849962
1.15004
0.909428
1.20801
1.31127
0.309161
0.908747
0.964163
0.509583
1.16334
0.906886
1.13891
0.761105
1.31662
0.907803
1.17212
0.973755
1.14493
1.28042
0.983509
1.06218
1.32636
1.33776
0.75597
1.02807
1.12233
0.961917
1.05152
1.15963
1.32842
0.86124
1.19483
1.14111
0.988574
1.00447
1.11333
1.05223
1.10996
0.95747
1.27249
1.11732
0.867673
0.855708
0.955132
0.963636
1.30562
1.25521
0.507933
1.00247
1.01313
0.887782
1.18896
1.2371
0.904025
0.958983
0.895148
0.894598
0.683371
1.18951
1.23702
1.19704
0.985806
1.2279
1.15733
1.1718
0.961917
1.05987
0.868513
1.13681
0.767523
1.16366
1.17125
1.05223
0.988574
0.86807
0.909428
1.13032
1.28996
0.976487
0.964163
0.9792
1.34616
1.30562
1.31837
0.849962
0.750576
1.24839
1.28514
1.1853
1.06125
1.10996
1.01313
1.24659
0.894598
0.991317
1.27561
0.856824
1.25897
0.984568
1.00319
0.986952
0.801102
0.962192
1.10614
1.24734
0.868574
0.937942
0.868743
1.08759
0.926206
1.04683
0.95747
1.32168
0.90236
1.21685
1.11176
0.984568
0.855219
1.11851
1.19525
1.07168
0.874694
1.12981
1.31067
0.962139
1.28514
0.951052
0.638461
1.16586
1.00744
0.911238
0.581505
0.845806
1.04683
1.18231
0.975991
1.28042
0.855708
1.05529
1.0896
1.00689
1.08869
0.874694
1.11824
1.2371
1.05152
0.927031
0.954348
0.856212
1.22914
0.772107
1.2279
1.23164
1.273
1.12981
1.13891
0.496747
0.937162
0.947614
1.04683
0.845806
1.236
0.984568
1.03162
1.00247
0.964897
1.11333
1.21298
1.11994
0.926206
0.879653
0.950523
1.28042
0.851613
1.32767
0.86901
0.879791
1.22281
0.854654
1.13716
1.10891
1.33299
0.795853
1.28042
1.29014
1.10387
1.32458
1.1001
1.25062
1.11333
0.923272
0.957623
1.33016
1.32636
1.14668
1.13934
1.31994
0.916127
1.23618
1.12178
0.979925
0.929007
1.10936
1.17125
1.11873
0.853278
0.909428
1.18193
0.956523
1.27662
0.922195
0.955308
0.731226
1.28881
1.31971
1.17682
0.863592
0.985526
1.31994
1.21298
0.985067
0.320163
0.989506
1.1128
0.945497
1.16334
1.14892
1.13286
0.603804
0.987764
1.27084
0.955132
0.924258
1.32504
1.14111
0.985884
1.09569
1.32214
0.934086
0.871218
1.28042
0.95747
1.19093
0.603804
1.0983
1.28326
0.95566
1.05152
1.0057
0.997542
1.2587
0.997666
1.13089
0.914906
1.24839
0.491858
0.766789
0.952191
1.35146
0.918229
1.14136
0.958983
0.943723
0.968559
0.981575
0.881012
1.15053
1.17386
0.871218
1.16353
1.22412
1.07168
1.08785
0.952845
1.14769
1.10936
1.24839
0.86901
0.956829
1.13286
1.12233
1.10345
1.25332
1.11891
1.25521
1.28936
1.32842
0.941891
1.08869
1.28872
1.16151
0.878628
1.26227
1.28996
1.0669
0.927329
1.27071
0.94614
1.26227
0.955087
1.02262
1.09889
1.18951
1.33016
1.22914
0.939414
1.31067
1.17706
1.09442
0.915708
0.909484
1.23481
1.32529
0.654369
1.3524
1.25868
1.24397
0.845837
1.31127
1.11851
0.5377
0.696218
1.15154
1.18088
0.881012
1.31994
0.881012
1.08021
1.13089
1.21298
0.954053
0.941891
0.801102
1.15733
0.902689
1.13286
0.909575
1.09975
0.993235
1.31994
1.32458
1.26043
0.894422
0.940234
0.754137
1.19043
0.946956
0.954053
0.799796
1.32989
1.05114
1.15053
0.601574
1.00419
1.16614
0.61499
0.881899
0.198406
0.855571
1.28024
0.901657
1.26482
1.25384
1.08759
1.13716
0.767523
0.90236
1.01313
1.1718
1.24397
1.32504
0.821273
1.11291
0.908747
0.739207
1.21447
1.11824
1.11732
1.30036
1.2139
0.883595
0.918499
0.907803
1.31067
0.881012
0.881012
1.24397
1.14906
1.03499
1.3423
1.25605
0.851613
1.23959
1.04463
1.12981
1.09141
0.99299
1.32274
1.31662
1.24659
1.05223
1.25868
1.24861
0.912491
0.927512
1.00247
0.87827
1.29123
1.10459
1.26153
1.29123
0.854669
0.881012
0.955087
1.23702
1.22967
1.22281
0.908747
0.943939
0.977129
1.24734
0.766789
1.11688
1.29014
0.943801
1.32989
1.04628
0.979658
0.849091
0.911238
0.896133
1.12016
1.23481
0.864784
0.91842
1.33016
1.20489
1.29014
0.87688
1.2587
1.13423
0.861698
0.61499
0.855005
1.18896
0.966517
1.30036
0.973755
1.2139
1.10195
0.853019
0.934526
1.0965
1.13139
0.85337
0.581505
0.950632
1.33016
1.05223
0.749797
0.836393
0.995153
0.521319
1.11858
1.1707
1.25605
1.05152
0.831396
1.26227
1.02483
1.32767
0.983516
0.96576
0.984609
1.2371
1.28973
0.94614
1.32214
0.731226
0.986952
1.24411
0.845837
1.02812
1.09889
0.951465
0.90236
1.17212
0.976487
1.0896
0.956462
1.04463
1.12291
1.20801
0.927512
1.19483
1.3524
0.934526
0.927329
0.856885
1.01542
0.902689
1.10886
1.0983
1.24839
0.926206
0.801102
0.907204
1.25605
0.801102
0.833093
0.914837
0.430551
1.26373
1.32458
1.13286
0.881012
0.856824
1.14132
1.3524
0.853019
1.28024
1.27699
1.25521
0.860017
1.01542
1.25605
1.0965
1.28881
0.958983
0.949517
1.33272
1.22701
0.955721
1.3524
1.29123
1.02483
0.665951
1.19602
1.33519
1.09442
0.937123
1.25897
1.30036
0.452617
0.867841
0.942847
0.991706
1.28973
1.273
0.956462
1.13458
1.32504
0.981575
1.24839
0.452617
0.973755
1.10773
0.91894
1.31067
1.15004
0.909484
0.5377
1.10459
1.31662
1.14132
1.31127
1.28459
0.86124
1.32504
0.906886
0.979925
0.997542
1.2371
1.28459
0.856212
0.981583
1.23959
0.937213
0.975578
1.08424
0.740384
0.783659
1.03162
1.26043
0.973755
0.623435
0.951465
0.673485
1.17125
1.13423
1.0649
0.927512
0.979658
0.954348
1.22701
1.11851
0.921262
1.30562
1.20838
1.26482
1.0636
1.14347
1.22607
0.968261
1.10487
0.924258
1.29014
0.956523
0.92859
0.943723
0.827278
1.23024
1.23476
0.976754
1.12868
1.02239
0.895629
1.28996
1.29123
1.10614
1.29019
1.28459
1.23164
1.13032
1.24734
0.953411
1.01438
0.87688
1.2235
0.975991
1.25016
1.0669
0.834116
0.848725
0.848725
1.15154
1.14347
1.13272
0.976487
0.915708
1.10195
0.452617
0.855219
0.845837
1.22914
1.14976
1.28968
1.16614
1.13286
1.21685
0.955132
1.08021
1.14668
0.943908
0.977129
1.10891
0.96398
1.11858
0.994907
1.12912
0.845837
1.01579
0.452617
1.15963
0.960794
0.973003
1.1718
1.22607
0.904889
0.623435
0.935627
0.946697
0.904163
1.31127
1.05152
1.32529
1.16353
1.28326
1.0786
1.25016
0.849962
0.922195
1.11333
1.13286
0.868513
1.0627
1.32842
0.909484
1.05114
0.937213
1.01148
0.954766
1.28973
0.827278
0.947614
0.857847
0.884466
0.921262
0.984609
0.854669
1.33712
1.04463
1.0627
0.966249
0.854654
1.22914
0.854547
0.961917
1.12298
0.966517
0.937123
1.14132
0.91842
0.86901
1.08869
0.990293
1.10487
0.881899
1.32278
1.02231
1.19704
1.13423
0.687416
1.30562
1.19098
1.06125
1.25897
1.05987
1.16682
1.08147
0.904889
1.24397
0.894673
1.19704
1.15154
0.853951
1.14132
1.33272
0.993907
1.0983
1.13934
1.11891
1.13458
0.868574
0.90236
1.3423
1.32636
1.00247
0.984568
0.976487
1.0669
1.12981
0.904889
1.17308
1.00247
0.462457
1.0068
0.939414
0.845287
0.937942
0.938865
0.894422
1.12016
0.921262
1.14976
1.05529
1.14769
1.0896
1.29123
0.727732
1.17308
0.911238
1.24839
1.08785
1.14769
1.31971
1.31201
0.938865
0.986952
0.937162
0.880478
1.32636
0.688287
0.80807
1.2235
1.28936
1.07168
0.856824
1.32278
0.975578
0.96576
1.05657
1.28936
0.956829
0.917351
1.16614
0.868574
0.894422
1.11243
0.984568
1.30036
1.11661
1.04052
1.33016
0.198406
1.11555
1.35146
0.989506
0.927512
1.17315
1.16614
1.28881
0.857847
1.11824
1.25384
1.11273
1.00403
1.17706
1.09889
0.906886
1.25016
1.27662
1.19763
1.05657
1.25185
0.90236
1.34482
0.881899
1.02812
1.15536
1.08021
1.00419
0.984609
1.00193
1.11824
0.956462
0.87688
0.912491
1.17212
0.890266
1.13032
0.834116
0.890266
1.0896
0.95092
1.09529
1.20838
1.29123
1.19704
1.1707
1.24525
1.22914
1.29765
1.22967
0.855219
1.2185
1.29014
1.14668
1.17528
0.96576
0.943723
0.951465
0.955453
1.30036
0.902689
1.33299
1.08869
0.96398
1.30036
0.938773
1.18951
1.14132
0.902689
1.0057
1.13891
0.868743
0.845837
1.27249
0.937162
0.91894
1.13891
0.850979
1.273
1.10773
0.801102
1.19108
1.12868
0.924258
1.13032
0.955087
0.894598
0.981583
0.783659
0.920155
1.32989
0.878293
0.922195
0.868574
0.993058
1.23024
0.945497
1.3423
0.943939
0.980081
0.839426
0.867673
1.01439
1.13934
0.875038
1.13286
0.950523
0.849962
1.09569
1.32504
1.24525
0.678207
0.688287
0.983516
1.08759
1.27249
0.935627
1.00689
0.980081
1.0649
1.07386
0.917351
1.11891
1.29765
1.33776
0.673485
0.955779
1.32274
1.01542
1.29123
1.24861
0.856793
1.33712
1.2139
0.968261
0.987764
0.856793
1.32989
1.11851
1.18193
1.28326
1.15733
0.996902
0.5377
1.14347
1.11661
1.28973
1.19704
0.856885
1.0786
1.14132
1.11732
0.956462
0.951052
1.23959
1.25868
0.906363
1.03499
0.961879
0.907204
1.13458
1.12291
1.13089
0.9792
1.15821
0.939414
0.855219
0.971811
0.581505
1.0057
1.0896
1.32278
1.10487
1.09442
1.19704
1.12868
1.0521
0.856793
1.11732
1.05114
1.33519
1.04463
0.926206
0.659365
0.912491
1.1745
1.26227
1.14906
1.11243
1.09889
1.10912
0.904025
1.10996
0.992256
0.918229
1.18846
1.27845
1.08424
1.11333
0.952519
1.13934
1.2587
0.831396
1.13891
0.91842
1.10345
1.16151
1.25384
1.00689
0.961879
1.19602
1.10528
1.19093
1.2587
1.14769
0.937123
0.745396
1.23476
1.14347
1.28514
1.30562
1.23959
1.09529
0.96576
0.853019
1.02812
0.868276
0.997666
1.23109
0.946956
1.25868
1.00091
0.720565
1.1842
1.0649
1.32504
0.687416
1.31887
1.2235
1.0669
1.0983
1.00319
1.32504
0.896133
0.749797
1.28936
1.26227
0.659365
1.14783
1.22412
1.11429
1.11688
1.21298
1.15004
0.926206
1.05152
0.954053
1.10996
0.973755
0.955545
0.766789
1.0983
0.848725
1.27662
1.25605
0.922545
1.27071
1.10528
0.956829
0.859727
1.10614
0.907803
0.839426
0.937213
0.955453
1.15053
1.27738
0.875038
0.859727
0.994907
0.916953
0.911238
1.33272
0.935627
0.903789
0.496747
1.32767
1.32504
1.34616
0.874694
1.01579
0.963636
1.25062
0.881012
1.31662
0.936574
0.941891
0.981575
0.849962
0.981575
1.31837
1.13089
0.87688
1.02262
0.914837
1.32529
0.85337
0.973003
0.949517
1.24525
1.29014
1.05223
1.17116
1.02812
0.992256
1.11857
1.17315
0.862042
0.854547
0.912797
0.955308
1.32842
0.9792
0.867841
1.08021
0.884573
0.940239
0.914837
1.20838
0.603804
0.916953
1.33299
1.08974
1.22701
0.952191
1.13139
1.19763
0.912491
0.871218
0.985806
0.849962
0.696218
1.0649
0.880478
0.950892
1.11429
0.980081
1.21298
0.96786
1.3423
0.983516
0.856885
0.955087
0.91842
0.973003
0.940422
1.13533
1.31201
1.13286
1.15053
0.912797
0.961917
1.01148
0.989506
0.899785
0.95566
1.05987
0.952519
1.26373
0.507933
0.976754
1.32274
1.02807
1.04628
0.693238
1.13891
0.603804
1.09442
1.11555
1.33016
0.987764
0.952845
1.06196
1.09141
1.0896
1.26043
1.23288
0.884573
1.00689
0.914837
0.693238
1.29014
0.690166
1.0998
0.956829
0.99299
0.845806
1.19483
0.964163
0.601574
1.27084
1.13891
1.19108
1.13891
1.27084
1.09889
1.15821
1.28514
1.09569
1.10459
1.04463
1.02262
1.33574
0.904889
1.2185
1.26227
1.05987
1.31837
0.850658
0.992051
0.926206
1.33776
1.06877
0.916127
1.22281
0.868743
1.04683
1.24397
0.875038
0.868276
0.879653
0.986952
1.31662
0.997666
1.23164
1.17212
1.14888
0.9508
0.461785
0.971957
1.32552
0.894598
0.966249
1.11333
1.28996
1.11333
1.10614
1.12981
1.31837
0.981583
0.851613
0.922195
1.08037
1.10345
1.3524
1.28881
0.992051
1.14668
0.992051
0.939414
1.14906
0.958983
0.906913
1.25897
0.985067
1.29014
1.01148
1.26482
1.13458
0.65391
1.16334
1.23024
1.02812
0.962192
0.881012
1.19704
0.894422
0.906913
1.1001
0.897959
1.28024
0.984568
0.966517
1.22119
1.12233
1.19098
0.931294
0.897959
1.2279
1.10996
0.964163
0.955453
0.96576
1.19108
0.985067
0.904163
0.855005
1.18193
0.868276
0.881899
1.34616
1.33299
1.17386
1.00419
0.992754
1.04683
0.956003
1.15154
1.19602
0.874694
1.32842
1.0998
1.32529
0.902689
0.96398
0.983509
1.13458
1.12981
1.25384
0.712308
0.85337
0.59647
1.11333
0.836393
0.977129
1.33016
1.0983
1.18846
0.950892
1.28024
0.834116
0.897959
0.9508
1.13458
1.25185
0.946956
0.861698
1.06125
1.13139
0.854654
1.02483
1.12178
0.955087
1.10873
0.96786
1.01439
1.29765
0.724232
0.983509
1.23024
1.20838
1.1842
0.59812
1.12868
1.22914
1.10936
1.25384
0.867841
1.21447
1.25332
1.18358
1.0896
1.14136
1.11333
1.0965
1.0068
1.13891
0.894598
1.11333
0.984609
0.940234
1.11429
0.904163
0.920155
1.13032
1.11851
0.856824
0.902689
1.14493
1.23618
1.23959
0.754137
1.13286
1.12178
0.976754
1.33776
1.22914
1.29123
0.862042
0.853951
0.922545
1.30562
0.909282
0.894598
1.31201
0.65391
0.950961
1.25897
0.874694
1.13089
1.17386
1.21685
0.902689
0.727732
0.856885
1.25605
1.27662
0.829204
1.16151
0.750576
1.10487
1.11366
0.881012
1.32529
1.04683
0.856885
0.906363
1.10873
1.07168
1.14783
1.24397
0.854547
0.699676
0.955132
1.03655
1.32529
0.920338
1.20489
0.868276
1.14866
1.16353
1.32842
1.24659
1.03655
0.997542
0.863623
1.12016
0.743145
1.19483
1.11851
1.10442
1.23702
1.17116
1.29156
0.890266
0.862042
1.08759
1.00319
1.31994
0.904025
0.861698
1.09569
0.955132
0.834116
0.907403
0.907204
1.2235
0.674203
1.05114
1.27738
1.13934
1.33016
0.749797
0.952519
1.14347
0.84874
1.27071
0.992051
0.961917
1.32274
1.2185
1.32842
1.00247
1.27699
0.952191
0.998857
1.26227
1.12981
0.984609
0.693238
0.954766
1.01148
0.821273
0.902689
0.984568
1.08869
1.14493
0.462457
1.22119
1.20838
1.16366
0.956462
0.900305
1.04052
1.2587
0.996902
1.31887
0.909575
1.13423
0.879653
0.99299
0.654369
1.11851
1.00419
1.00247
0.985526
1.24734
0.911238
1.08869
1.12291
0.827278
0.861698
1.13032
0.99854
0.937162
0.514779
0.937213
1.11873
0.863592
1.18193
0.857847
0.901657
1.13458
1.14111
1.0998
1.28042
0.899785
0.860017
0.984609
0.903789
0.874694
0.884573
1.01148
0.935627
0.903789
1.14668
1.24839
1.25185
1.33016
1.12981
0.954053
1.23109
1.27071
1.33299
1.22914
0.904889
0.580068
1.07168
0.831396
0.997353
1.10459
0.509583
1.0057
0.983516
1.15154
1.0627
0.937942
0.997542
1.35146
1.22607
1.0786
1.00091
0.979658
0.938773
0.909282
0.955779
1.27662
1.01148
1.16588
1.13681
0.865426
1.09975
1.14132
1.03162
0.69772
1.27071
0.783659
0.947614
0.955087
0.894673
0.937942
1.18951
0.943939
0.863623
1.09975
0.957623
1.13089
0.976487
0.997542
0.799796
1.13891
1.29765
1.17116
0.920155
0.821273
1.31662
1.13032
1.11994
0.982019
1.0896
1.0896
0.976487
1.00319
1.31201
0.879791
1.2587
1.05529
0.704077
0.854654
1.26373
1.06877
1.03655
1.01438
1.16151
1.10886
0.998857
1.11732
0.654369
1.11732
1.13891
1.09442
1.17528
0.65391
1.08037
1.16353
0.83498
0.95092
0.984115
1.23959
1.13973
0.915708
1.15963
1.19098
0.940234
0.989506
1.24397
0.867841
1.17706
0.990293
1.06218
1.20801
0.997542
0.955779
1.28996
1.07491
1.18951
1.13286
0.856885
0.894031
1.18951
0.894031
1.04463
1.27845
1.22412
0.92859
1.22281
0.674203
0.894031
0.975991
1.10689
1.14906
1.03655
0.654369
1.21298
1.26153
1.3524
0.973755
0.914906
1.15963
1.14892
1.23618
1.1745
1.31662
0.86124
1.00193
0.962192
0.801102
0.855571
0.452617
0.854654
1.06218
1.13891
0.998767
0.638859
0.95566
1.28514
1.23959
1.25016
1.17682
0.962192
1.00193
0.950961
1.13423
1.273
1.14769
0.907204
1.22701
0.867841
1.11429
0.895629
0.938865
1.15154
0.850658
0.829204
1.13272
1.23959
0.985067
1.17116
1.11688
0.720132
0.916953
1.11688
1.22701
1.27699
1.10996
0.961879
1.23288
1.0965
1.32636
0.940239
0.943723
1.21298
1.19525
0.863592
0.853951
1.13681
1.24411
0.927031
1.33272
1.31201
0.968559
1.00193
1.18193
0.956462
0.5377
1.31067
1.11291
1.1387
0.985067
1.11661
1.27561
1.06877
0.980081
0.9508
1.22914
0.937942
0.943939
1.14866
0.674203
0.881012
1.18896
1.13681
1.01438
0.912491
1.10442
1.32989
1.3524
1.27699
0.996902
1.09529
1.16151
0.963155
0.952845
0.950632
0.452617
1.18896
0.865426
1.35146
1.00447
0.881899
1.33574
1.2139
0.86901
1.02812
1.13286
1.31994
1.19704
1.13089
1.28881
1.05657
0.987764
1.10528
1.11858
0.992051
1.19763
0.960794
0.665951
0.983509
0.86124
0.904163
1.1707
0.946956
0.997666
0.962192
0.953411
1.14783
1.28276
0.856212
1.11176
0.767523
1.0068
1.10442
1.19043
1.13485
1.32552
0.979925
0.901657
0.745396
0.964163
1.15963
0.860017
1.28024
1.32989
0.851613
0.99299
0.916953
0.849962
1.17308
0.984609
1.32842
0.693238
1.23702
0.850979
1.16682
1.32636
1.2017
0.903789
0.911238
1.34482
0.989506
1.3266
1.32636
1.00247
0.908747
0.976754
1.28881
1.13681
1.11661
0.954766
0.856885
0.998857
1.33299
1.02812
1.3524
1.01439
1.02262
1.13934
0.881012
0.801102
0.580068
0.772107
1.12298
1.2279
0.985884
1.02807
0.909282
1.11858
0.696218
1.33299
1.13089
0.879791
1.19098
1.15821
0.904025
0.521319
1.23702
0.946842
1.0965
0.950523
0.91842
1.31681
0.956003
1.22607
1.10873
0.95092
1.00091
0.9792
0.955132
0.907803
1.00091
1.08706
1.10297
0.452617
0.998767
1.04683
1.25868
0.864784
1.13423
1.17315
0.941891
1.20838
1.04683
1.16366
1.10773
1.1745
1.22914
1.0896
0.964163
0.918499
0.907403
1.11333
0.940234
1.32989
0.894422
1.18231
1.32168
0.9792
0.956462
1.31994
1.236
0.831396
1.13934
0.856824
0.963155
1.28996
1.05987
1.11858
0.946697
1.14892
1.10614
0.743145
0.931294
0.979658
1.29765
1.0669
1.14892
1.29156
1.29123
1.34616
1.04683
0.881012
0.92859
0.895148
0.850658
1.32458
1.29765
0.952191
1.10891
1.2017
1.17856
0.194738
1.20489
1.28514
1.23109
1.14347
1.30036
0.938773
0.859727
1.31837
1.04683
1.22281
0.462457
1.14493
1.28042
1.11732
0.727793
0.960794
1.25521
0.997725
1.17706
1.32842
0.903789
0.944733
1.18637
0.799796
0.975578
1.07491
1.10387
0.971957
1.31662
1.26153
0.937213
0.988574
1.17706
0.985806
0.916127
0.910798
1.31499
1.24397
0.87827
0.963292
1.13485
0.917351
1.33574
1.11873
0.914906
0.931294
1.10528
1.15154
1.0627
0.87688
1.12298
0.819027
0.951465
1.10387
0.761105
0.87688
1.22281
1.25384
1.23702
1.03655
1.23702
0.993907
0.92859
0.894422
1.14136
0.981583
1.03655
0.956003
1.25185
1.0896
0.91842
1.24839
0.907803
1.30036
0.854654
0.309161
0.580068
0.981583
1.1718
1.10689
0.853019
1.23476
1.10689
0.922087
1.25062
0.992051
1.06196
0.740384
0.854669
0.884466
1.25016
0.915708
0.727793
1.25868
0.996902
1.26227
0.906886
0.853278
0.849091
0.9792
0.850658
1.11555
0.992051
1.28042
1.10459
0.938773
0.92859
1.22701
0.975578
1.27699
1.26153
1.16353
0.854547
1.2587
0.871218
0.95092
1.07386
0.772107
0.996902
1.24525
0.881899
1.20838
0.754137
1.18951
0.993235
1.22967
1.236
1.21447
0.975991
1.11857
0.981575
0.992051
0.867841
0.860017
1.10442
1.25605
0.917351
1.33016
1.31201
1.17528
1.04683
0.921262
1.19043
1.31662
0.956523
1.08037
0.985067
0.92859
0.801102
0.904025
1.11661
0.982019
1.17308
1.13089
0.985067
1.04052
1.27738
1.11732
1.33299
1.04628
1.22967
0.984568
1.22914
0.956003
1.23109
0.975578
0.950892
0.899785
0.674203
0.868276
1.00193
1.31127
0.860017
0.907403
1.11688
1.28996
0.509583
0.86124
1.10614
1.08424
0.857847
1.04293
1.34616
0.821273
0.993235
0.955087
1.10487
1.15821
1.15733
1.13286
1.2185
1.12981
0.934526
1.32504
0.993907
1.16151
1.14347
1.33299
0.997353
1.24411
0.943801
1.21298
1.24525
0.946842
0.941891
1.06218
0.983509
1.0896
1.32274
1.14347
1.13973
1.14892
1.3423
0.897959
0.884466
1.18951
1.11688
0.833093
0.867673
0.901657
1.04683
0.690166
0.720132
1.25868
0.743145
1.05223
1.09141
1.28881
1.0965
0.924258
1.23476
1.16682
1.14347
0.86901
1.17125
1.00193
0.922545
1.10873
0.915708
1.07386
1.06218
0.989506
1.17315
0.724232
0.833093
0.907803
0.831396
0.766789
1.34616
1.13891
0.881899
1.2139
1.24525
1.20489
1.12981
1.11291
0.603804
1.0896
1.28514
1.17125
0.952703
1.16366
0.949517
1.18896
0.910798
0.903789
1.10873
1.16151
0.862042
1.29014
1.13089
1.10773
1.10936
0.912797
0.740384
0.926206
1.32842
1.18951
1.33016
0.829204
0.998767
1.09975
1.31201
0.850658
1.19098
1.3266
0.922087
1.18896
1.19108
0.687416
1.07147
1.00091
1.13139
1.0068
1.2235
0.993235
1.21685
0.955545
0.977129
1.16366
1.17116
1.15536
0.861698
0.674203
0.87827
1.16353
0.881899
1.12233
1.26227
1.10487
1.13089
1.24839
0.916127
0.696218
0.95092
1.11366
0.944733
0.922087
1.31837
1.12233
1.24397
1.32458
1.20801
0.854669
1.16353
1.17125
1.24839
0.954348
0.754137
0.61335
1.17315
0.907803
0.96786
1.24839
1.00319
0.851613
0.854547
1.08759
0.984568
1.24659
1.10442
0.949517
0.904025
0.962139
0.659365
0.991317
1.10487
1.26153
1.26373
0.86124
0.963292
1.0531
1.14347
0.863592
0.976487
1.17682
1.22119
0.625259
1.13973
0.849962
1.11661
0.909575
1.10387
1.31127
1.23024
0.879791
1.31887
1.15963
0.952845
0.9508
0.580068
0.903789
1.13089
0.985806
0.962139
1.28872
1.33574
1.28326
1.11851
1.3423
0.929007
1.16588
0.69772
0.754137
0.926206
1.23702
1.14111
1.3266
1.10528
0.80328
1.17528
1.10528
1.14347
0.940239
0.878293
1.10487
1.18896
0.5377
0.904025
1.31127
1.02239
1.18951
0.984568
1.26373
0.85337
1.35146
0.71213
1.13891
1.23164
1.31887
1.1128
1.18358
0.952191
0.194738
1.11429
1.27561
1.27845
1.10459
1.15963
0.989506
0.69772
1.14892
1.3524
0.942847
0.659365
1.1001
1.00403
1.30562
1.26227
0.95747
0.957623
0.946697
1.20838
0.922195
1.24397
1.15004
1.01313
0.922195
1.24839
1.13089
0.84874
1.13286
0.855005
1.14136
1.23288
0.955308
1.32842
1.14493
0.980081
1.3266
1.0669
0.862042
0.85337
1.16614
1.29123
1.0983
1.03174
1.21298
0.851613
1.00319
1.10345
0.5377
0.984568
1.24659
0.654369
0.95092
0.857847
0.875038
0.968261
0.658825
1.31662
1.26227
0.856793
1.10442
0.908747
1.1464
1.12298
0.949769
0.915708
1.06196
0.950523
0.854547
1.29123
1.19602
1.25868
1.10195
1.32842
1.11333
0.850658
1.13681
1.14866
1.14976
0.940239
0.956003
0.955087
1.13286
1.31887
1.12912
0.968261
1.13891
1.03655
1.14906
0.849962
1.21447
1.33272
1.17856
1.1853
0.761105
0.855708
0.920155
1.10996
1.18951
0.688287
1.29765
1.28872
1.12291
1.17116
0.983509
1.01313
1.26373
0.894598
0.900305
0.909282
0.895148
1.08037
0.985067
1.01148
1.13458
0.998857
1.13891
0.84874
1.20489
1.11732
0.92859
1.13089
0.917351
1.3266
0.986952
1.29019
1.1387
1.12981
0.87688
0.943908
0.951052
0.95092
1.17315
1.01438
0.880478
0.940422
1.11891
1.31201
0.997725
1.07386
1.16353
0.956829
1.1001
1.10886
1.32278
0.895148
1.2185
0.906363
1.08759
0.567202
1.0896
0.878613
0.906363
1.05987
0.739207
1.00447
1.25016
0.936574
1.31127
0.922087
1.13286
1.00403
1.28872
1.0636
0.984115
1.0896
0.937213
0.927031
0.934086
1.20838
0.917351
1.15004
0.914753
1.00247
1.33299
0.853951
0.982019
0.982019
1.02231
1.14136
1.1842
0.997542
1.23164
0.998857
0.920155
1.22914
0.91842
1.13272
1.2371
1.32504
1.08775
0.955087
1.3524
1.13032
0.834116
0.914753
0.868513
1.26373
0.973003
0.947614
1.27738
1.06218
1.03499
0.952703
1.11732
1.00319
1.09889
1.0965
1.10996
0.90521
0.85337
1.24659
1.19108
1.19098
1.0669
1.13458
0.954348
1.25016
0.955779
1.17212
0.86901
1.30036
0.976487
1.30036
1.25062
1.3524
0.914837
0.783659
0.895148
0.890266
1.15536
1.10689
0.900305
1.12981
1.14892
0.720565
0.86901
1.0531
1.05987
0.997666
1.24861
0.957623
1.0896
0.938773
1.09975
1.2017
1.09442
1.19483
0.857847
0.949769
0.940239
1.22281
1.08759
0.992754
1.32458
0.884466
0.956462
0.87947
0.935627
0.963292
1.31837
0.878613
0.922087
1.11688
1.18193
0.945497
0.61499
0.855571
1.24397
0.956003
1.22967
0.973003
1.32458
0.937213
0.915708
0.452617
0.897959
1.17212
1.34616
1.29123
1.04463
1.01439
0.87688
0.998857
0.984115
1.13716
0.984568
0.696218
1.33712
0.914753
1.26373
1.19108
1.14906
1.31127
1.25521
1.20838
1.28514
0.878628
1.0786
0.942847
1.27071
0.580068
0.696218
1.12298
1.10387
1.24659
1.12981
0.907403
0.855005
1.16334
1.28996
0.954053
1.31499
0.900305
0.904025
0.917351
1.1464
0.984115
1.0636
1.13716
0.983509
1.25016
1.26153
0.892038
1.10345
1.29541
0.992051
0.878613
0.878293
0.915708
0.914333
1.00447
0.997353
1.11366
1.19108
0.905256
1.04293
0.860017
0.991706
1.15963
1.23164
0.911238
1.22914
0.59812
1.27699
1.24659
1.24839
0.981583
1.0649
1.08869
1.31201
1.19093
1.18951
0.927329
1.32425
1.13973
1.15154
1.32504
1.14111
1.10442
1.11732
1.3524
0.943801
0.901657
1.10442
1.12981
1.32842
0.963292
0.845287
0.578051
0.949769
1.13423
1.12981
0.878445
0.87688
0.955779
1.11333
0.767523
1.23288
1.00193
1.0998
1.10936
1.30562
1.11732
0.991317
1.13891
1.11273
1.17125
1.32529
1.23618
0.950632
1.08706
0.452617
1.28872
0.623435
1.32168
0.839426
0.957623
0.674203
0.923272
1.14668
0.997666
1.27699
1.1707
1.02752
0.984568
0.908842
0.937213
1.09975
0.690166
1.11824
0.783659
0.874694
0.961879
0.949769
0.861698
0.950961
0.989506
0.995153
1.16586
1.31681
1.19098
0.991706
1.1128
0.973003
0.521319
1.13533
1.04683
0.878293
1.2185
0.860017
1.23959
0.912797
0.951052
1.1707
0.821273
1.07386
0.995153
0.868513
0.834116
1.32989
1.10195
0.883595
0.952519
0.981583
0.9792
1.12178
1.32504
0.939414
1.14906
1.09569
0.881899
1.29765
1.20801
0.966249
1.13286
0.973003
1.06125
0.993058
0.801102
0.909526
1.04683
1.20801
1.25897
1.20489
1.13423
0.9792
1.28881
1.273
0.952519
1.24861
1.03499
1.17315
1.30562
1.14892
1.13286
1.11176
1.08775
1.0521
1.25016
0.944733
0.683371
1.23702
0.881899
1.10891
0.909428
1.15821
1.12981
1.32214
1.16353
0.856885
1.24397
0.801102
0.94614
0.924258
1.14888
1.23024
0.871218
1.32529
0.96398
1.10442
1.00419
1.16151
1.10459
1.32278
0.908747
1.11366
1.32529
1.27662
1.28973
1.03339
0.871218
1.15154
0.955308
0.860017
1.20838
1.1128
1.05987
1.26373
1.13089
1.17386
1.21447
0.821273
0.977129
0.934526
0.941891
1.02812
1.02547
1.22412
1.10387
1.0786
0.927031
1.09442
0.945497
0.836393
1.06125
0.981583
1.17386
0.909484
0.895148
1.32458
1.2017
0.968559
1.24397
1.3266
0.997542
0.845806
1.21447
0.926206
0.997542
0.860017
1.13934
0.878293
0.658092
1.22119
0.909484
0.989506
1.15536
0.92859
1.01542
0.988574
1.17856
1.08021
0.976487
1.10689
1.28024
1.19763
1.31201
1.2371
0.950892
1.15821
0.907204
0.795853
0.880478
1.1128
0.75597
1.32842
0.971957
1.19108
0.851613
0.906363
0.934526
0.745396
1.27071
1.16586
1.3423
0.878628
0.897959
1.22281
0.91894
0.914753
0.909484
0.938865
1.31201
1.06196
0.875176
0.922545
1.10614
0.847808
1.01579
0.997353
0.836393
1.32989
1.1745
1.14888
1.29156
0.946697
0.678207
1.10614
1.18358
1.17212
1.31127
1.02807
0.581505
0.856793
0.906363
1.12912
1.0636
0.984609
1.33299
1.27738
0.95092
1.27561
0.963636
0.944733
0.909428
1.29541
1.06196
0.884573
0.940422
1.16366
1.17116
0.772107
1.0649
1.34482
1.2235
1.15821
1.13533
1.18637
1.00403
1.28514
0.740384
1.10936
0.887782
1.32458
1.18637
0.96786
1.02752
0.879653
0.918229
0.884466
1.13423
0.740384
0.95092
1.13891
0.918229
1.11994
1.24839
1.18358
0.868574
1.31681
0.975578
1.25384
0.879653
1.02483
1.0669
1.15154
1.10459
0.852896
0.96786
1.23164
0.853951
1.11366
1.11273
1.07168
1.13891
0.496747
1.03339
1.25062
1.32168
1.11851
0.952703
1.35146
0.783659
1.32636
0.984568
0.9508
1.11366
0.845806
0.910798
0.731226
0.690166
1.31887
1.24861
1.33776
0.90521
0.853019
1.19763
1.18088
1.05529
1.11366
1.2587
0.75597
0.99854
1.13533
1.23288
1.05987
1.18951
1.19602
0.936574
1.33712
0.320163
0.909575
0.955721
0.907403
1.32504
0.923272
1.15963
0.951052
1.08021
1.28996
1.3524
1.04683
0.909575
0.198406
0.956523
1.00447
0.878628
0.859727
1.28459
0.960794
1.26227
0.850979
0.922545
1.13891
1.29123
0.963155
1.16588
1.04683
1.1745
1.12868
1.08785
0.993907
1.18088
1.32425
1.28514
0.849962
0.964163
1.30562
1.24734
0.59812
1.17212
1.15536
0.983509
0.989506
1.18193
1.12868
1.19602
0.943939
0.894031
1.2235
1.08785
1.00193
1.21447
0.973755
1.12868
1.22412
0.955545
0.863623
0.878628
0.854654
0.975578
1.18193
0.452617
1.13286
1.14769
1.15536
1.01313
1.32504
0.964163
1.33776
1.35146
0.623435
1.32278
0.678207
0.839426
0.997353
1.17315
1.32842
1.22281
1.08974
0.934526
0.80328
0.963636
1.02807
1.23618
0.927031
1.08974
0.845806
0.699676
0.849091
1.14136
0.912491
1.32989
1.29156
1.0636
0.507933
1.10773
0.939414
0.943908
0.861698
1.24659
0.895629
0.963292
1.3524
1.25062
1.02547
0.767523
0.95092
0.673485
0.907803
1.08759
1.22967
1.19704
1.04463
1.29156
1.22281
1.25332
1.14976
0.659365
1.02231
0.849962
1.32278
0.856885
1.31994
1.21298
1.00247
1.13973
0.942847
1.3524
1.27662
1.25605
0.860017
0.914837
1.1745
0.905256
1.33016
1.13891
0.86124
0.601574
1.00247
0.850979
1.10886
0.848725
0.878445
1.0669
1.17116
1.09141
1.28459
0.94614
0.937123
1.27561
0.91894
0.91894
1.00247
1.11333
0.799796
1.19093
0.936574
1.03162
1.33519
1.30562
1.00091
1.04463
0.69772
0.720132
1.17212
1.0983
1.22119
1.28459
0.916127
1.21298
1.08706
1.27738
0.992051
1.17212
0.955779
1.28881
0.940422
0.980081
1.15821
1.01439
1.1853
1.3524
0.905256
1.03174
1.10387
1.09614
0.862042
1.32504
1.31127
1.32767
0.712308
1.19763
0.80807
1.23109
1.10689
0.827278
1.19525
0.874694
0.883595
1.14347
0.795853
1.25185
1.03339
0.992256
0.462457
1.13485
0.754137
1.0636
1.11732
1.12016
1.11429
0.927512
1.29123
0.61499
0.849962
1.32989
1.23702
1.24734
0.783659
0.881899
1.15062
1.00744
1.21298
0.985884
0.922087
0.849962
1.32504
1.25897
1.16334
0.727732
0.979658
1.13272
0.981575
1.28024
1.11555
1.33574
1.29765
0.943723
0.992256
1.14136
1.32529
1.16682
1.11429
0.928872
1.24734
1.23481
1.0983
1.18231
1.23288
1.15963
1.14347
0.961917
1.00403
0.985884
0.878628
1.01542
0.865426
1.13089
0.985884
1.02239
0.935627
1.1842
1.28459
1.14783
1.3423
1.05152
1.13286
0.852896
1.13423
1.25521
0.940234
0.929007
0.95747
1.32842
0.850979
1.18193
1.12912
0.989208
0.940422
0.688287
1.22412
1.16588
1.25868
0.979925
1.29156
1.32529
0.994907
1.19098
1.1745
1.22607
0.95092
1.04052
0.95092
1.11429
1.19525
1.31127
1.12016
1.23959
0.868574
1.19602
1.00403
1.14906
1.22967
1.32425
0.90521
0.894031
0.998857
0.92859
1.0998
1.32458
0.909484
0.880478
0.80807
1.02483
0.914753
1.29019
1.32278
1.1745
1.02231
1.13485
0.65391
0.855708
0.881899
0.883595
0.855708
0.911238
0.956003
1.26482
0.990293
1.00247
0.955779
1.0965
0.997666
0.976754
1.33776
0.915708
0.921262
0.86901
1.22914
1.05152
0.678207
0.928872
1.32504
0.950632
0.915708
0.979925
1.00247
0.907803
1.07168
0.754137
1.01439
1.05223
1.31127
0.833093
1.1718
0.99854
1.13089
0.862042
0.84874
0.927329
0.997353
0.91842
0.946697
1.32552
0.91842
1.11333
1.10773
1.15062
1.14769
1.21685
0.603804
0.772107
1.31887
1.24659
1.32504
1.10487
1.11851
1.13139
1.16151
1.17116
1.15154
0.904163
1.19704
1.32214
1.23476
1.0521
0.940239
0.87827
0.973003
1.24411
1.10528
0.690166
0.950523
0.927031
0.96786
1.15536
0.91842
1.12291
0.91842
0.852896
1.31127
0.894031
0.914333
0.868574
0.991706
0.90521
1.14906
1.27071
1.18637
0.910798
1.16151
0.874694
0.897959
1.25521
0.95747
1.11857
0.918499
0.984609
0.989506
0.918229
1.0998
1.18193
1.27561
0.895148
0.997666
1.04683
1.18951
1.29019
0.801102
1.19704
0.950632
1.2279
1.35146
1.32529
1.32214
0.856212
0.997542
1.31837
1.31067
1.29123
0.997542
0.922195
0.952845
1.27662
1.00744
0.997542
0.993235
1.0649
0.83498
1.13681
1.20838
1.13089
1.32842
1.09975
1.28936
0.834116
1.13272
1.01579
1.1128
0.892038
0.855219
1.31127
1.2139
1.27662
0.997542
0.954766
1.15154
1.18088
1.26373
0.783659
0.567202
0.658825
1.17308
1.15733
0.995153
1.32214
1.18358
1.09889
0.854669
1.18231
1.13423
1.0983
1.04683
0.892038
0.887782
1.01148
1.32552
0.96398
0.997353
0.935627
1.08037
1.2279
0.966249
1.32552
1.11688
0.724232
0.954766
0.950961
1.26153
0.992256
1.29014
0.976487
1.24839
0.916953
0.699676
1.0636
1.27084
0.836393
1.03655
1.0636
1.31837
1.10873
1.28881
1.11429
0.935627
0.863623
1.02262
0.922087
1.15004
1.17315
1.32552
1.23164
0.991317
1.11688
1.34482
0.949769
1.03499
0.894031
0.939414
1.0649
0.979658
0.904025
0.998767
0.981575
0.945497
1.32458
0.507933
1.3423
1.22967
1.28996
0.968261
1.17212
1.23024
0.907204
1.33519
1.273
0.983509
1.0983
1.11873
0.973755
1.31887
1.08759
1.04628
0.9792
0.462457
1.19525
1.02239
1.33776
0.950632
0.950523
0.946842
1.18193
0.845806
0.943908
1.33272
1.11891
1.33574
0.997725
0.992051
0.992754
1.13089
1.16614
1.31201
1.08974
1.24861
0.958983
0.829204
0.880478
1.02262
0.934086
0.625259
1.00403
1.14493
0.983516
0.904025
0.84874
1.32425
1.31201
1.11176
0.976754
1.3524
1.17706
1.14866
0.95092
1.10773
0.881899
0.772107
1.19525
1.33574
0.879653
0.772107
1.16151
1.21685
1.14783
1.04463
0.996902
0.940234
0.881899
0.833093
0.678207
1.30036
1.26482
1.13089
1.19483
0.931294
1.16151
1.2185
1.28042
1.16682
1.02807
1.00319
1.10345
0.980081
0.952191
1.28936
1.16588
0.673485
1.14493
1.08037
1.22701
0.955308
1.06196
1.28968
1.32529
0.862042
1.14347
0.868574
1.32529
1.04628
0.918229
0.96786
0.699676
1.28326
1.1128
0.688287
1.22412
1.01438
1.18088
1.13286
1.0786
0.910798
1.25185
1.26482
1.11857
1.23959
0.907803
0.867841
0.9508
1.236
1.32842
1.16353
0.855708
1.11857
1.28996
1.08021
0.963292
1.26373
0.955545
0.99854
1.12291
1.33272
0.956003
1.26227
0.851613
1.31662
0.993235
0.992051
1.25384
0.906886
0.916953
1.19098
0.850979
1.14976
1.23164
1.31837
1.00193
0.895148
1.32504
1.11176
1.01579
0.603804
1.11661
1.12981
0.947614
1.15733
1.13716
1.3524
1.08706
0.943723
1.33299
1.29541
0.690166
0.761105
1.30562
1.33272
0.654369
1.10195
0.767523
0.904025
1.13286
0.901657
0.927329
0.801102
1.19098
1.29123
0.881899
1.35146
0.956003
0.849962
1.23476
0.855219
1.0896
1.13716
0.799796
1.25185
0.976754
0.937123
0.982019
0.997353
0.953411
1.02547
1.26373
1.17528
1.28973
1.14111
0.862042
0.638461
1.2587
1.17386
0.845806
0.949517
0.452617
1.32636
0.984115
1.12016
1.25062
1.27249
0.922545
1.00319
1.04683
0.856212
1.11176
1.29014
0.847808
0.950632
1.22281
0.909526
1.18637
1.28276
1.27084
0.955087
1.21298
1.1128
0.865426
1.32636
1.28936
1.02483
1.14132
0.937213
1.14347
1.16588
1.13458
0.659365
0.938773
1.1707
0.922195
1.18358
0.982019
1.27249
0.750576
1.1128
0.964163
1.24839
0.968261
0.990293
0.984609
1.3524
1.13286
0.946697
0.452617
1.07147
0.923272
1.0896
0.859727
0.931294
1.22281
0.855708
0.693238
0.95747
0.927512
1.24411
0.993907
1.09975
1.31067
0.916953
1.0965
1.25062
1.09141
0.946842
1.05657
0.986952
1.26043
0.936574
0.943723
1.28514
0.963155
0.963292
1.2371
1.05152
1.31127
1.11333
1.31837
0.71213
0.955721
1.24734
0.881012
0.946697
1.3524
0.906886
1.29014
1.32425
0.766789
1.18231
0.856885
1.05887
1.22914
0.949517
1.1718
1.16588
0.968261
1.24397
0.984568
0.96786
1.06125
1.26227
1.15963
0.880478
1.15062
1.33272
0.943908
1.0896
1.17706
1.31994
0.9792
0.927031
1.16682
0.988574
0.934526
1.28968
0.907803
1.29019
1.26373
1.03162
1.21447
1.12868
1.31499
0.910798
1.28872
0.946842
1.28968
0.940422
0.907803
1.17116
1.15062
0.720132
1.27084
1.10936
1.10773
0.87947
1.28872
1.31662
1.25016
1.32989
1.13089
1.28326
1.10996
0.912491
1.21685
1.2371
1.03162
0.976754
0.80807
1.32636
0.940422
1.26373
0.909575
0.801102
1.17116
1.26482
1.04628
1.1707
1.23476
0.909575
0.863623
1.32989
1.1853
0.878613
0.874694
0.906886
1.17386
0.772107
0.988574
0.922545
0.987764
0.894598
0.952519
0.87827
1.04463
1.24525
1.18846
0.980081
1.15004
0.860017
1.03655
1.13089
1.05152
1.32214
1.3266
0.696218
1.18231
1.08021
0.856212
1.10996
0.892038
1.15154
0.909526
0.862042
0.851613
1.29123
1.28024
0.905256
0.914837
1.07386
0.985067
1.11873
0.963292
1.2587
1.17386
1.11688
1.20489
0.984609
1.27561
0.985067
1.26482
1.15963
0.985806
1.31127
1.33776
1.19108
0.934526
1.05529
0.955545
0.973755
1.3524
1.18951
1.09141
0.956523
1.3524
1.10195
0.979658
1.32989
1.00447
1.11176
1.18088
1.3524
1.32504
0.904163
1.15053
1.32278
1.22119
1.19704
1.23959
0.938865
1.1128
1.0983
1.11994
0.950632
0.952191
1.10873
0.845837
0.914906
0.69772
1.29765
1.34482
0.949769
0.979925
0.914333
0.65391
1.32636
0.856793
1.32552
1.31662
1.13716
1.29019
1.34482
1.0983
1.15062
1.00319
0.949517
1.11555
0.910798
0.950523
0.985884
0.909484
1.25384
1.04463
1.32529
1.24525
1.12298
1.25384
1.11824
1.24397
1.2017
1.0068
1.13272
1.273
1.02483
0.868743
0.927512
1.13089
1.31067
1.11366
1.08788
1.14111
0.985067
1.17706
1.0531
0.927512
0.904025
1.19763
0.921262
0.865426
0.984609
0.847808
0.895629
0.940422
0.957623
1.13286
1.18637
0.783659
1.1842
0.99854
1.08147
1.20838
1.10689
1.27561
1.27071
0.940234
0.878613
0.916127
1.23109
1.11366
1.18846
1.11429
0.976754
0.951465
1.25384
1.25868
1.13533
1.32552
0.979925
0.964163
1.1464
0.690166
0.940422
0.95092
1.29765
1.33016
1.06877
1.13891
0.95092
0.901657
0.690166
1.15963
1.14493
0.834116
0.849091
1.17308
1.0965
0.85337
1.2235
1.33776
0.904025
1.1001
0.971957
0.986952
0.963636
0.927512
0.953411
1.04463
0.943939
1.13089
1.28024
0.836393
0.881012
0.985806
1.0068
1.28276
1.32168
0.964897
1.24411
1.14906
1.05529
1.05987
0.861698
0.853951
0.859727
1.08785
1.10442
1.28459
0.896133
0.906363
1.18951
1.22412
1.0983
1.24839
0.878628
0.855219
0.59812
0.59647
0.854669
0.860017
0.801102
1.17528
1.3524
0.955779
0.935627
1.33776
1.2017
0.743145
1.23702
0.908747
1.13891
0.96398
1.00419
1.23164
0.924258
0.984568
0.59647
1.0998
0.90521
0.821273
1.11873
0.853019
0.894598
0.829204
1.10442
0.907204
1.11429
1.11994
0.944733
1.13485
0.850979
1.26227
1.03162
0.993235
0.845806
1.32842
1.25384
0.914906
1.13089
1.14132
1.13089
0.821273
1.35146
0.909575
0.9792
1.09442
0.918499
1.31837
1.29541
1.26482
0.821273
1.05223
0.940422
1.30562
1.19602
0.801102
0.61335
1.28881
0.665951
1.29014
1.15154
1.33712
1.02807
0.915708
1.10891
1.07386
1.08785
1.30562
1.28276
0.927031
0.992256
0.895629
1.11333
0.874694
1.13272
0.991706
0.85337
1.0965
1.28042
0.961917
1.2371
1.33299
0.91842
1.11273
1.13934
1.13286
1.10912
0.720132
0.993058
1.04052
0.931294
1.29123
0.992051
0.951052
0.927329
0.884573
0.864784
1.31971
1.33016
1.23476
0.862042
0.521319
0.975578
0.917351
0.953411
0.567202
1.14892
0.83498
0.90236
0.954766
1.1707
0.86901
1.19525
0.772107
1.18951
1.15062
0.849962
1.14136
0.86901
1.24397
1.23476
1.08037
1.26153
0.879791
1.31887
1.17856
1.29014
1.32214
0.907803
1.14132
1.16151
1.08974
1.20801
1.21685
1.22914
1.10996
1.2235
0.849091
0.989506
0.939414
1.31662
1.27738
0.997725
0.927031
1.09614
0.829204
0.884466
1.31837
1.25384
0.638461
1.30036
1.09529
1.17315
0.731226
1.0896
0.850658
1.28024
0.921262
0.855219
0.853951
1.0068
1.01542
1.11429
1.09529
1.14976
1.0786
1.0669
1.03499
1.21447
0.934526
0.75597
1.19098
1.13485
1.17125
1.12233
1.08706
1.13533
0.845837
0.87947
1.15733
1.11732
0.992256
1.33299
0.914753
1.1001
1.31499
1.24411
1.00419
0.990293
1.25062
0.931294
0.975991
1.08869
1.17212
1.16614
1.31971
0.801102
1.09569
1.32504
0.883595
1.17212
0.819027
1.24734
1.11333
1.28024
0.892038
1.24659
0.850658
0.875038
1.29014
0.985884
1.11333
0.979658
1.23109
1.28881
1.17125
0.929007
1.10886
1.29765
0.868743
0.954348
1.24397
1.25062
0.864784
0.80807
1.22967
1.02262
0.977129
1.11429
1.14132
0.931294
0.845837
0.881899
0.690166
0.922195
1.33272
1.12291
0.881012
0.954053
1.273
1.12981
0.638461
1.26227
1.15154
1.26153
1.10459
0.847808
0.761105
1.14892
0.927031
0.880478
0.452617
1.03162
0.924258
1.34616
0.940234
0.975991
0.954766
1.25897
1.19043
1.22914
0.981575
1.08759
1.0998
1.11555
0.829204
0.980081
0.739207
1.23109
0.997666
0.878445
1.18846
0.720565
0.956003
1.0649
1.10886
0.801102
1.0896
1.22701
0.86124
0.827278
0.859727
1.21298
0.945497
0.881012
0.927512
0.91842
0.958983
1.28936
1.17125
0.852896
0.942847
0.973003
0.937162
0.956003
0.936574
0.906886
1.19602
0.984568
1.08759
1.10345
1.20838
0.945497
0.912491
1.31681
0.914837
1.1842
1.32278
1.10891
0.984568
1.3524
0.952519
1.19602
0.996902
1.02483
0.868276
0.990293
1.32552
0.927031
0.740384
1.00689
1.17315
0.712308
0.973755
0.984609
0.883595
1.14136
0.989208
1.11858
1.08759
0.856793
1.2017
1.0669
0.90236
1.32274
0.976754
0.875038
0.997353
0.91842
0.936574
1.1128
1.27084
1.31662
0.761105
0.961917
0.895629
0.521319
0.920155
1.00193
0.92859
0.949517
1.27249
1.12233
0.874694
0.984609
0.907204
0.739207
0.881899
0.86807
1.23476
1.04052
1.22412
0.856793
1.10442
0.731226
0.909575
0.971957
1.0521
0.899785
1.03499
1.15062
1.25185
1.32552
0.980081
1.32636
0.922087
1.08869
0.801102
1.11891
1.0068
0.85337
0.955545
1.18896
1.13272
1.15963
1.30562
0.849962
0.995153
1.13458
1.04463
0.95566
1.33712
1.02547
1.22281
1.28326
1.20838
0.938773
1.0649
0.918499
1.23702
1.08775
0.954053
1.33272
1.15004
1.08759
1.10996
0.946842
1.06125
0.601574
1.20489
0.918499
0.853019
1.29123
0.884573
0.659365
1.26482
1.24525
1.11291
0.911238
0.918229
0.908747
1.31067
0.955087
1.20489
1.30036
0.896133
1.01439
0.966249
1.2017
1.0965
1.31127
1.01438
1.23164
0.895148
1.0983
1.3524
1.12868
1.27662
1.08706
0.84874
1.11333
1.09529
0.922195
1.16366
0.831396
1.16334
0.881899
1.27084
1.19093
1.22607
1.04683
0.920155
1.09614
0.955721
1.01438
1.25062
1.13533
1.28514
1.13891
1.11857
0.971957
0.900305
0.851613
1.22914
0.868513
0.875038
1.25384
0.939414
0.990293
1.04463
0.430551
1.00247
1.16366
0.955453
1.23024
1.09529
1.22914
0.878613
1.31994
0.991706
1.31499
0.916127
0.874694
0.992754
0.922545
0.892038
0.862042
1.14132
0.955308
1.2235
1.22967
1.08147
1.05987
0.578051
1.02262
0.845806
0.963292
1.16588
0.452617
1.30036
1.236
1.18193
1.06218
1.16334
1.13716
1.1464
1.02231
0.950961
1.3524
1.1387
0.59647
0.984568
1.22281
1.17116
0.864784
1.31067
0.198406
1.32278
0.909282
1.11857
0.910798
1.23481
0.955087
0.875176
0.659365
0.982019
0.906886
0.902689
1.03162
1.11429
1.19483
1.15154
1.19043
0.952845
0.943908
0.940422
0.91894
0.984115
0.894031
1.02231
0.963155
1.10886
1.0896
0.895629
1.0627
1.17528
1.27699
1.03162
1.09889
0.968261
0.922545
1.1745
1.27699
1.18896
1.28968
0.914333
0.984568
0.699676
0.59812
1.31499
1.08037
1.16588
0.909526
1.23109
1.21685
0.907403
0.854654
1.1001
1.18193
1.2185
1.18088
0.849962
1.27071
0.973755
1.22412
0.856793
1.18951
1.17116
1.27738
1.11333
0.984609
0.860017
1.0649
0.894673
1.29123
0.998857
1.26227
0.845287
1.17212
1.14493
1.16682
1.17212
1.19525
1.14136
0.819027
0.938865
0.750576
0.914837
1.18896
1.0521
1.10459
1.33299
1.20838
1.19483
0.950523
1.26482
0.990293
1.19483
1.25897
0.851613
1.13089
0.909428
0.836393
1.13032
1.35146
1.15004
1.14668
0.916953
1.11858
0.819027
0.603804
0.867841
1.11857
1.09442
1.18088
0.860017
1.31067
0.749797
0.23838
0.71213
0.850979
1.05529
1.32529
1.18951
1.14769
1.1853
1.28514
0.761105
1.11873
0.952845
0.992051
1.11243
1.34616
1.25062
1.25868
0.984568
0.849091
0.887782
1.10442
0.623435
1.13272
0.940234
1.30562
1.08788
1.31994
0.766789
0.937162
0.850979
1.08974
1.32842
0.934086
0.896133
0.881012
0.856793
1.34616
1.03174
0.69772
0.91842
0.894598
0.995153
1.32274
1.17706
0.856885
1.23476
1.23476
1.28326
1.13089
0.704077
1.29014
1.20838
1.08759
1.06125
0.984568
1.05887
0.845287
1.08424
0.874694
0.903789
1.22967
1.11891
1.31837
1.19098
0.984609
1.25332
1.05152
1.09529
1.3266
1.32842
1.00447
0.954766
1.02807
0.986952
0.916127
1.15963
1.06877
1.29014
1.14111
1.32552
1.0786
1.02752
1.2185
1.34616
1.0636
0.912491
0.849962
1.34616
0.99299
0.940234
1.01313
0.985067
0.984568
1.32278
1.05529
0.956829
1.16151
1.29014
1.26227
1.3524
0.984568
0.955779
1.23959
1.3423
1.10195
1.13934
1.2139
1.2139
0.907803
1.13485
1.21685
0.973755
1.05152
1.04052
0.895629
1.07491
1.18231
0.860017
0.853278
1.1464
1.03499
1.00447
1.08147
0.848725
1.18846
1.18896
1.28872
0.968559
0.831396
0.625259
0.904025
1.24861
0.910798
1.20489
0.909282
1.1745
0.949517
1.10195
0.956523
1.07147
0.853951
1.08021
1.11891
1.11555
0.920155
1.04463
1.33574
1.22607
0.937213
0.991706
1.25605
1.17706
0.659365
1.10387
0.985884
1.11273
0.683371
1.31127
0.946842
1.14493
1.19108
0.860017
1.03339
1.11857
1.03499
0.946842
1.0531
0.783659
0.904025
1.27084
0.198406
1.19093
0.982019
1.29541
1.03339
1.05529
1.32214
1.04463
0.678207
1.27699
1.15004
0.799796
1.11429
1.16586
0.914753
1.31971
0.985067
0.895148
0.922087
1.14132
1.29019
1.28881
1.09614
0.580068
1.1128
1.30562
0.881012
0.819027
0.950523
0.998767
1.13286
0.884466
1.22701
1.0896
1.11994
1.14888
0.984568
1.32842
1.18637
0.69772
1.15963
1.23288
1.13286
1.34616
1.11994
0.897959
0.895148
0.845806
0.69772
1.08424
0.903789
1.24839
1.14892
0.87947
1.08788
0.860017
1.01438
1.32842
0.860017
1.20801
1.20489
1.18231
1.10442
0.903789
1.12291
0.943908
1.32504
0.856824
1.06125
1.31067
0.855708
0.799796
1.21298
1.05987
1.31837
1.15154
0.955087
1.19093
1.23702
1.29123
1.236
0.946697
1.15536
0.896133
0.956829
1.11333
1.09889
1.32278
0.927329
0.452617
1.28881
1.2279
1.14906
0.567202
0.84874
1.09141
1.11273
1.18637
1.08037
1.1464
1.08759
0.881012
1.27662
1.15536
0.567202
1.00403
1.17856
0.956829
0.909428
0.938865
1.21298
1.04463
1.01542
1.24861
1.1745
0.963155
0.922087
1.28872
0.950892
1.04463
1.10487
0.61335
0.861698
0.980081
1.02239
1.2139
1.27084
1.10891
1.15963
1.33299
1.06877
0.712308
0.856885
0.902689
0.856212
1.13272
1.0896
0.980081
0.937123
0.856793
0.921262
0.696218
1.28459
1.09529
1.00319
1.34482
1.07147
1.11333
1.31662
0.937213
0.690166
1.31887
0.909282
0.59647
1.18358
1.22607
1.29014
1.26373
1.16366
1.00419
1.12912
1.08706
0.946956
0.860017
0.958983
0.892038
0.926206
0.834116
1.28042
1.10912
1.31067
1.12868
1.21298
1.09975
0.927512
1.09442
0.845287
1.0983
1.16334
1.11366
1.05657
1.12291
0.911238
1.27662
0.904163
1.04463
0.85337
0.295225
1.15963
0.848725
1.29156
1.28973
0.881012
0.961879
0.91894
0.87688
1.10442
0.623435
0.874694
1.18896
0.85337
1.1842
0.857847
0.965539
0.95092
1.26373
0.993907
0.904889
1.28996
1.31127
1.13458
0.984115
1.19093
1.27699
0.936574
1.23024
0.750576
0.909484
1.1745
0.847808
0.957623
0.461785
1.19525
1.24659
0.696218
1.11333
1.28996
0.904025
0.578051
1.22914
0.900305
1.23618
1.11824
1.04293
0.965539
1.13533
0.963155
0.998857
0.309161
0.678207
0.964897
1.23288
0.937213
1.15963
1.24839
0.917351
1.27071
0.991706
1.18358
0.937213
1.25897
0.997353
0.966517
0.880478
1.28996
1.2139
1.17212
1.23702
1.28459
1.32767
1.11243
0.963636
1.33272
0.720565
1.16151
1.12868
1.27084
0.906886
0.731226
1.0669
0.9508
0.855005
0.71213
1.26482
0.659365
0.95747
1.24839
1.15053
0.907204
1.2185
0.90236
1.28514
0.509583
0.929007
0.998767
0.998857
0.69772
1.08706
0.847808
1.11333
1.0531
0.914837
1.33574
1.13891
0.743145
1.0896
0.966517
1.08759
0.899785
1.09141
1.11291
0.940422
0.964163
1.14136
1.03174
0.625259
1.07168
0.912491
1.22967
1.32842
0.745396
0.946697
1.31681
1.04628
0.827278
0.943801
1.29019
0.984568
0.958983
1.33776
0.992051
0.983509
1.24659
0.984115
0.90521
0.5377
1.32636
0.80328
0.902689
0.23838
0.831396
1.28024
0.91842
0.998857
0.981583
1.19483
1.12291
1.35146
1.2587
0.958983
1.0627
1.00689
1.09529
0.194738
0.984568
1.17682
0.934086
1.08775
1.31499
0.87827
0.977129
0.854669
1.16366
0.850658
1.18951
0.955087
0.623435
0.688287
0.992256
0.962139
0.955779
1.28936
1.0627
0.849962
0.878293
1.13089
0.884573
1.11429
1.32274
1.29014
1.21298
1.1464
0.625259
1.09889
1.11824
1.27662
1.14906
0.979925
0.712308
0.731226
1.07386
1.10912
0.943908
0.936574
0.966517
1.29019
0.914333
1.14347
1.0896
1.31681
1.10689
1.13973
1.25521
1.13089
1.1128
1.11429
0.855571
1.03499
0.90236
0.902689
0.783659
1.273
1.11732
0.943723
1.13139
1.05114
1.0896
0.894031
1.15154
0.875176
1.09442
1.31662
1.18231
1.18358
1.13973
1.14668
1.30562
1.1745
0.992754
0.887782
0.91894
1.13286
0.87688
1.24839
0.578051
0.996902
1.28973
1.27561
0.581505
1.29123
0.659365
1.19602
0.950961
0.997542
0.958983
1.17212
1.32274
1.32989
0.924258
1.13089
1.24861
0.9792
0.849091
0.895148
1.28936
0.849091
1.27738
1.01148
1.16586
0.989506
1.3423
1.15821
0.968559
1.0669
0.904025
0.950892
1.12868
1.11873
1.32168
0.920155
1.23024
1.11333
1.11732
1.31499
1.07147
0.940422
1.1387
0.914837
1.19098
1.05223
0.949517
0.863623
1.13286
1.273
0.997353
0.96786
1.24659
1.31201
1.14132
0.836393
0.95566
0.881012
1.13032
0.988574
1.24397
1.11857
1.11857
1.23024
0.956829
0.861698
1.32274
0.61499
0.878628
1.08775
1.3524
0.926206
0.851613
1.24397
0.940239
1.32425
1.2587
1.11273
1.19525
0.749797
1.0057
1.06196
1.14769
1.08869
0.906363
1.31067
0.766789
0.687416
0.907204
1.11688
1.10891
1.18231
1.33272
0.801102
1.00419
1.28042
0.904889
1.25185
1.04052
1.15963
1.08974
1.19043
1.34616
0.852896
0.854547
0.966517
1.04293
1.1128
0.989506
0.941891
1.05114
1.3524
1.27662
1.32504
0.739207
1.34616
0.96786
1.19525
1.08974
1.25897
0.854654
1.08785
1.31681
0.979658
0.578051
1.12912
0.829204
1.31994
0.991706
0.61335
1.0896
1.14888
0.875038
0.86901
0.951465
0.929007
1.11429
0.86901
1.27738
0.80328
1.25062
1.15004
0.720132
1.13139
0.96576
0.956523
0.955087
1.32842
1.31127
1.20838
0.853951
0.865426
1.12981
1.13458
0.864784
0.943939
0.853951
1.23959
0.884466
0.961917
1.13286
0.937213
1.3524
0.968559
0.860017
0.856212
1.23024
0.994907
0.906363
1.17856
1.23618
0.934086
1.28936
0.950892
1.30036
1.21685
1.2235
1.33299
0.904025
1.28459
1.22119
1.16334
1.28872
0.683371
0.852896
0.86124
0.990293
0.849962
1.33519
1.0531
0.977129
1.0649
1.13286
1.11688
1.29019
1.13891
1.22967
0.937162
1.19763
0.897959
0.985526
0.903789
0.84874
1.3524
0.849091
0.848725
0.896133
1.1001
1.19763
1.10195
1.31681
0.962139
0.908842
1.15154
1.13458
0.950523
1.22701
0.985806
0.914333
1.12981
1.11273
0.975991
0.993907
0.903789
1.08706
0.905256
1.19108
0.849091
1.00419
1.13089
0.911238
0.934086
1.21298
0.848725
1.19483
1.24839
0.75597
1.07147
1.29156
0.956829
0.966517
1.04683
1.18846
1.10689
0.910798
0.881012
1.15821
1.31887
1.07386
1.236
1.2139
1.1464
1.27561
0.659365
1.18088
0.908747
0.767523
0.940234
0.881899
0.783659
0.831396
1.32425
0.954348
1.13973
1.02807
1.23481
1.10936
1.13286
1.33519
0.946956
0.589206
1.2139
1.10442
1.13032
1.23288
0.878613
0.993235
1.10487
0.85337
0.855219
0.956829
1.13089
1.18896
0.907204
1.11333
1.05152
0.856793
1.13891
0.95566
0.979925
0.956462
0.987764
0.922545
0.976487
1.16353
1.00247
1.11429
1.05223
0.859727
1.23476
1.24397
1.01148
0.683371
0.983509
1.11732
0.674203
1.06218
1.21298
0.904163
0.908747
1.04628
1.16588
0.947614
1.19763
1.00403
0.938865
1.31127
0.928872
0.868276
0.879653
0.956829
0.956523
1.12016
0.985067
1.27845
1.31837
1.14136
0.87688
0.968559
0.91894
1.32274
1.13089
0.864784
0.961917
1.19108
1.02547
0.907803
1.05987
0.688287
1.19483
1.19108
0.979658
1.19093
1.11333
1.18193
0.937213
1.22914
1.31127
1.11333
0.907803
0.956829
1.04628
1.17212
1.26153
0.94614
1.10459
1.1853
0.934526
1.16353
1.34482
1.01579
0.861698
0.855708
0.998857
1.17116
0.854654
0.91894
0.918499
0.985067
1.32214
0.827278
1.16614
0.918229
0.9792
1.26227
0.867673
1.07147
1.15821
0.901657
0.845837
0.935627
1.32504
1.31971
0.851613
0.914333
0.849091
1.0998
0.976487
1.18846
1.32458
1.13139
0.977129
1.13139
0.720565
0.937942
1.18358
0.997353
0.971811
0.83498
1.08869
1.31499
1.24397
1.11333
0.849962
0.961917
1.2235
1.16588
1.12298
1.02239
1.19108
0.966249
1.23109
1.13891
0.894031
1.00091
1.28024
1.26227
0.878628
1.18193
1.29123
0.981583
0.91894
0.950523
1.27249
1.31837
1.14668
0.878628
1.1745
0.984609
0.940239
1.14906
1.25897
1.31662
0.491858
0.61499
1.25605
1.14347
1.14493
1.23164
1.19098
0.878445
1.32504
1.09442
0.900305
1.28459
1.17308
0.855571
1.27084
1.11291
0.831396
1.0521
0.854654
1.02547
1.16614
1.0998
0.984115
0.907803
1.22701
1.18896
0.91894
0.927512
0.461785
1.12233
1.09889
1.22281
1.09614
1.03174
0.731226
0.879791
0.989208
1.32636
1.05657
1.24397
0.878613
1.0531
1.20838
1.02231
1.02547
1.32989
0.983509
1.27561
0.937213
0.864784
1.27738
0.850658
1.03499
1.32214
0.659365
0.860017
0.96786
0.985884
1.32168
0.924258
0.740384
1.29765
0.851613
1.25016
1.0057
0.908842
0.951465
0.688287
1.33712
1.0965
0.952519
0.931294
1.05657
1.0057
1.0983
1.16614
0.638859
0.997353
1.14668
1.3524
0.985884
0.992754
1.03174
0.687416
1.1387
1.26043
0.860017
0.917351
1.11661
1.11994
0.917351
1.13423
1.14976
1.23164
1.33016
1.13089
0.914333
1.10996
1.08021
1.16353
1.10487
0.952703
0.878613
0.955545
1.28936
0.914753
0.956829
0.887782
0.855005
0.673485
0.71213
0.95566
1.1464
0.937213
0.922087
1.1464
0.907803
0.462457
1.31201
1.14866
0.904163
1.12868
1.15536
1.28459
1.09442
1.21685
1.11291
1.04293
1.30562
1.14783
1.2235
0.914333
1.31201
1.0669
1.13032
0.581505
0.983509
1.3524
0.985884
1.3423
1.13286
1.0627
1.31994
1.11291
0.59812
1.11994
0.986952
0.989208
0.801102
0.968261
0.983509
1.0669
1.32529
1.18088
0.991317
0.863592
1.2587
1.0896
0.95747
1.21298
1.29014
1.14866
1.32278
1.0965
1.01148
0.678207
0.954053
1.25868
1.18896
1.01579
1.09569
1.22701
1.28514
1.24397
1.17386
1.32504
0.743145
1.15963
1.00447
1.01542
1.12291
1.04463
0.491858
1.16586
1.14493
0.875176
0.962139
1.12981
0.881012
1.10614
0.940234
0.962139
1.29019
1.09529
0.853951
0.904025
0.955308
1.10487
1.25062
0.879791
0.589206
0.980081
0.971957
1.26373
0.966249
1.16334
1.22914
1.22914
1.01579
1.18846
1.09442
0.908747
1.26482
0.926206
1.00403
1.10459
1.10614
0.83498
0.856793
0.988574
1.23959
1.26227
1.22967
1.32842
1.04628
1.14347
1.06125
0.867841
1.236
0.918229
1.13089
0.916953
0.745396
1.20801
0.966517
1.23288
1.27071
1.10614
0.956829
0.918499
1.22281
0.801102
1.19483
1.14976
1.0965
0.902689
1.17308
0.894673
0.943939
0.878613
0.853951
1.0965
0.937123
1.0649
1.273
0.909282
1.13089
0.984609
1.0896
0.975991
1.16353
0.91842
1.29123
1.0786
0.993235
1.11555
1.20838
0.894598
0.968261
0.906886
1.0068
1.31499
1.31662
1.02262
1.24839
1.0983
1.0896
0.962192
1.22119
1.15963
1.17315
0.909575
0.904025
1.15821
1.18951
1.00319
1.12291
0.955132
0.625259
0.84874
0.910798
1.31681
0.99299
0.623435
0.988574
1.33776
0.704077
0.693238
1.08021
1.0531
1.24839
0.86901
1.05223
1.32504
0.911238
1.08759
0.909526
1.33574
0.96786
1.17125
1.15733
0.920155
1.16353
1.2587
0.984115
0.920155
1.00091
0.997353
1.02239
0.853278
0.998767
1.13272
0.678207
1.31994
0.952845
1.18193
1.04293
1.22119
1.11858
0.801102
0.945497
1.32425
1.23164
0.908747
0.984568
0.921262
1.27249
0.861698
0.871218
1.2017
1.31067
1.11851
0.929007
1.28872
1.14493
0.874694
1.33574
0.927512
0.853951
1.32504
0.991706
1.15536
1.08759
1.32425
1.3524
1.02231
1.0896
0.984609
1.17212
0.993235
0.862042
0.937213
1.26227
1.24397
1.08785
1.00447
0.659365
0.879653
0.90236
1.1464
0.899785
1.00447
1.04293
0.881012
1.33272
1.15536
0.320163
1.14892
0.962139
1.23481
1.11994
1.13286
1.00091
1.20801
1.01313
1.11333
0.916127
1.24839
1.2017
0.909575
1.15053
1.10442
1.10912
0.937942
1.1707
0.894422
1.32278
1.1718
1.23288
0.952191
1.0786
1.08869
0.929007
1.23109
0.963155
0.906913
1.19098
0.743145
0.849091
0.853951
0.924258
1.12178
1.24397
1.28936
1.30562
0.907803
1.09141
0.923272
1.25605
1.12233
1.12868
1.20489
1.02752
0.65391
1.00193
0.950892
1.26482
0.961917
0.996902
0.977129
0.900305
1.12178
1.03162
0.988574
1.27738
0.859727
1.20838
1.13891
0.977129
0.904025
0.879791
1.29019
1.11857
1.21685
0.659365
0.683371
0.937123
0.985067
1.10996
1.21447
1.26227
0.955453
1.31971
1.20838
0.908747
0.727732
1.28514
1.15053
1.10614
1.11333
1.12291
1.24411
1.02483
1.34616
1.12868
1.32767
0.892038
0.950961
1.02262
0.984115
0.878613
1.10528
0.879653
0.863623
0.853951
1.08775
0.947614
0.983509
0.856885
0.958983
1.19763
0.905256
1.16586
1.14136
1.19602
1.32636
0.693238
0.688287
0.894031
1.15154
0.966517
0.890266
1.26373
0.856793
0.795853
0.880478
1.19483
0.863623
1.14888
1.08037
1.02239
0.938865
0.881899
0.654369
1.21447
1.1745
0.659365
1.32552
1.21298
1.18358
0.975991
0.860017
1.13089
0.868276
0.941891
1.16353
1.23164
1.16682
0.892038
1.26153
0.99854
1.10886
1.24734
1.31681
0.720132
1.13485
0.720565
0.997542
1.19704
0.934086
0.895629
0.868743
0.860017
0.881012
1.32214
0.834116
1.22412
1.16682
1.02231
0.452617
0.854654
1.34482
1.10459
0.926206
0.693238
1.07147
1.33016
0.831396
1.00419
0.939414
1.26227
1.05887
1.18358
0.971957
0.906913
1.29014
1.19108
1.11333
1.10891
1.05529
0.926206
0.854654
0.909526
1.10886
1.13485
1.31837
1.25868
0.918499
1.15004
0.861698
0.955721
1.28024
1.0998
0.946697
0.934086
0.860017
0.855571
1.32504
0.927031
0.745396
1.18193
0.829204
1.33776
1.11851
1.11429
0.852896
1.13973
1.18846
1.0531
1.27084
1.11429
1.10614
1.25897
1.11851
0.957623
0.862042
0.950523
1.17212
1.10528
1.10528
0.94614
1.11688
1.05529
1.32214
1.31887
1.11994
1.05114
0.96576
0.829204
0.944733
1.34616
1.24861
1.14347
0.880478
0.69772
1.10528
1.08974
1.31499
1.15053
1.3423
1.00403
0.941891
0.850979
1.17308
1.3423
0.875038
0.896133
0.994907
0.856793
0.937942
1.27084
1.14783
0.850979
0.638461
1.18088
0.917351
1.11824
1.14136
1.24839
1.30562
1.0531
0.953411
1.07386
1.06877
0.878293
0.95747
1.17706
0.320163
0.904025
1.18358
1.11688
0.957623
0.997725
0.907403
1.25868
0.906886
0.963155
1.3524
1.28326
0.931294
1.26482
1.31201
0.922087
0.956003
1.10442
1.13139
1.21685
0.952845
1.13485
0.916127
0.935627
1.26373
0.954766
1.16151
1.09529
0.998857
0.9508
0.941891
0.943908
1.08706
1.27561
0.943908
0.845287
0.99854
0.938773
1.02547
0.909282
1.32842
0.857847
1.17386
0.900305
1.28872
1.24861
1.18951
0.907803
0.998857
1.32168
0.194738
0.975578
1.02547
1.11333
1.32425
0.91842
1.20801
0.899785
0.9508
1.18193
0.690166
0.938865
0.856824
1.08869
1.15154
1.17125
1.09141
1.29014
1.32425
1.14892
1.24397
0.998857
0.918229
1.13891
0.937162
0.904025
0.879653
0.95566
0.863592
1.24411
1.08037
1.33776
0.892038
0.995153
0.857847
0.894598
0.985067
0.924258
1.19108
1.10996
0.909575
0.956003
0.678207
1.0965
0.960794
1.00419
0.834116
1.0896
1.23476
1.24397
1.0521
0.984568
0.601574
0.85337
0.855708
1.03174
1.23702
1.34616
0.946842
0.962192
1.06877
1.17212
0.90236
1.31067
1.13485
0.85337
1.06877
1.31499
1.1853
1.08869
1.17315
1.3524
1.11857
0.955087
1.02262
1.09889
0.59647
0.836393
1.10886
1.06125
1.34616
0.960794
1.03174
1.09529
0.944733
0.845837
0.894422
1.29156
0.896133
0.956003
1.12981
1.25605
0.927512
1.18088
1.10936
1.08706
0.83498
0.849091
0.87827
1.28881
1.12233
0.950523
0.86901
1.08974
1.32214
0.989208
1.14783
0.977129
0.897959
0.674203
0.847808
1.10487
1.24397
1.22607
1.15154
0.914333
1.1387
0.849091
0.906913
0.954766
1.26153
0.985067
0.911238
1.17682
1.22701
1.31971
0.754137
1.13032
0.87827
1.13533
0.601574
0.853951
1.02262
1.21298
0.917351
0.997353
0.881899
1.3524
1.24659
1.09529
1.32425
0.921262
1.0057
0.979925
1.02812
0.895629
0.90236
0.9792
1.13089
1.1718
1.11333
1.22701
0.927031
1.21298
0.910798
1.31887
1.15154
0.963292
1.32989
1.00744
0.783659
0.922195
1.09529
1.28326
0.906886
1.10614
1.11333
1.19108
1.18193
1.04683
1.29156
1.29019
1.2235
1.31127
0.902689
1.11994
0.894598
1.26043
1.17212
0.985806
1.11857
1.1464
1.11824
0.908842
0.861698
0.772107
1.32504
0.960794
0.945497
0.915708
0.909282
1.0896
0.86124
0.761105
1.35146
1.08037
1.06218
1.13089
1.11429
1.29541
1.11291
1.29019
0.906886
0.836393
0.894422
1.09975
1.12291
0.849962
0.879653
1.13716
0.954766
1.12981
1.14892
1.18637
1.09975
1.28024
1.35146
1.10912
1.08788
0.991706
1.11555
1.30036
0.853019
0.931294
1.12981
1.14347
1.25384
0.998767
0.955545
1.27084
0.908842
1.13089
0.854547
0.801102
1.14668
1.00247
0.861698
0.659365
0.938773
1.07168
0.894598
1.01148
0.973755
0.906886
0.964163
1.13423
0.847808
0.988574
1.10891
0.985526
0.911238
0.980081
1.17308
1.26043
1.10886
0.941891
0.665951
0.658092
0.952703
0.674203
0.956829
1.14493
0.890266
1.25016
0.998857
1.0896
1.11333
1.32552
1.17682
1.08424
0.654369
1.26482
1.22412
0.989506
1.31837
1.12981
0.884573
0.855219
1.32504
0.918229
0.855005
1.24525
1.23288
1.27738
1.13458
0.727732
0.963155
0.943723
1.02239
1.26043
1.18088
1.06877
1.12298
1.08037
1.23959
1.09141
1.29123
0.87947
1.0057
0.462457
1.12912
1.11732
0.956003
1.08037
0.849091
1.22914
1.18193
0.979925
1.22119
1.11429
0.955779
0.952703
0.934086
0.962192
1.33574
1.09975
0.938865
1.11824
1.08147
1.236
0.854654
1.26227
0.907204
1.13891
1.1745
0.801102
1.3524
0.879791
0.915708
0.836393
1.0627
0.968261
0.950892
0.674203
0.984609
1.11891
0.863623
0.845837
1.28973
0.896133
1.07147
1.02807
1.13891
1.00419
1.1842
1.13089
1.25384
0.922087
1.29123
0.941891
1.1842
1.32278
0.907403
0.880478
0.95747
1.11891
0.863623
0.937162
0.847808
0.997542
0.907803
0.993907
1.31681
1.13533
1.1842
0.799796
0.992754
0.852896
1.22607
0.984115
0.295225
0.699676
1.04683
1.11851
1.08775
1.25384
1.32278
0.894598
1.06877
1.14136
1.19483
1.02483
1.32504
0.856793
0.856824
0.878293
1.13139
0.855005
1.25384
0.949769
0.850979
0.900305
1.14132
1.13485
1.23024
1.2017
1.20838
1.14892
0.853951
0.966517
1.22914
1.0669
1.09442
0.906886
1.22701
1.32168
0.845837
0.985884
1.06196
1.10195
1.19525
1.2279
1.0896
1.27662
1.3423
0.984609
1.27662
0.836393
1.11994
1.12016
0.856824
1.10195
1.23481
1.32274
1.33519
1.29541
0.949517
1.31971
0.984115
0.963155
0.720565
0.84874
1.26373
1.16366
1.04052
0.839426
1.32636
0.918499
0.906886
0.951052
0.99854
1.28973
0.952845
1.22701
1.05152
0.917351
1.16682
1.23288
0.9792
1.13973
1.17308
1.26227
0.963636
0.946956
0.954766
1.0636
1.28024
0.848725
0.892038
0.678207
0.918229
0.673485
0.856793
0.894031
0.965539
1.18193
0.83498
1.04683
1.05657
0.831396
0.922087
0.863623
1.10689
1.01439
1.05887
1.23618
1.17528
1.11429
1.2139
1.15963
0.894598
1.23164
1.14976
1.20838
0.993907
1.03174
1.05987
1.22914
0.963636
0.956462
0.931294
1.19098
0.938865
1.20838
0.991706
0.878613
1.01313
1.24659
0.739207
0.909526
0.9792
1.33272
1.16151
0.990293
0.198406
1.14493
0.855708
1.12291
1.00403
1.23024
1.13286
0.931294
0.964897
1.11429
0.985526
1.24525
1.13716
0.936574
1.0057
0.910798
1.18088
0.902689
0.850658
0.987764
1.09141
0.496747
1.17212
0.995153
1.24397
0.956462
1.19098
0.985067
1.10387
1.13089
1.27071
0.623435
1.15154
1.31994
1.14976
0.918229
1.12912
0.836393
0.954766
0.839426
1.03162
1.2587
0.5377
1.03174
0.855571
0.983516
1.10891
1.29014
0.955779
1.15154
0.895629
1.14136
1.08037
0.921262
1.13139
0.853951
1.02807
0.960794
0.946956
0.795853
0.911238
1.24734
0.985067
0.894422
0.984115
1.0521
0.845806
1.15733
1.03655
1.21298
1.28276
1.20838
1.11555
0.890266
0.936574
1.00403
1.19108
1.07168
1.08788
1.17706
0.977129
0.968261
1.15963
0.953411
1.04463
0.984568
1.1128
1.30036
1.28042
1.10442
1.28514
0.961917
0.61335
1.3266
0.895148
0.881012
0.980081
1.02547
1.15154
0.850658
0.977129
0.909428
1.3423
0.906886
1.18896
0.951465
1.273
1.23476
1.22914
0.906913
1.09614
0.908747
1.31201
0.845837
1.02547
0.867841
1.21298
0.940422
1.29014
0.954053
1.0983
1.32458
1.13485
1.17116
1.32278
1.12981
1.14783
0.194738
1.10936
0.954053
1.18193
0.94614
0.861698
0.992256
1.13716
1.19098
0.855708
0.659365
0.968559
1.00403
1.26373
0.878628
1.28459
1.32278
1.02547
0.856824
1.13891
1.32278
1.23476
0.944733
1.11333
0.908842
1.29541
0.951052
1.28973
0.951465
1.14493
0.971811
0.918229
1.05887
0.880478
0.950892
0.887782
1.11273
1.18896
1.12981
1.26227
1.07491
1.28872
0.940239
1.13533
0.92859
1.14892
0.922087
1.22281
0.884466
0.922087
1.08869
1.0649
0.80328
0.992256
1.32425
0.849962
0.836393
0.937162
0.960794
1.273
0.964897
1.33016
0.59812
1.24734
1.18896
1.18193
1.17682
0.983509
0.955132
0.879653
1.15733
0.92859
1.31971
1.11732
0.951052
1.10996
0.914753
0.962139
1.13423
0.60952
1.17856
1.32168
1.08706
0.968559
1.28968
0.86901
1.01313
0.997353
0.954348
1.12291
0.955087
1.29014
0.80807
1.31067
1.22607
0.862042
1.11661
1.22914
1.17528
1.09614
1.08785
1.33016
0.881012
1.18846
1.10442
0.928872
1.0998
1.00403
1.0896
1.28973
1.22281
1.13032
0.914906
1.32552
1.22119
1.33272
1.13485
1.14888
0.831396
0.981583
1.28968
0.861698
0.83498
1.13423
1.13089
1.24861
1.28042
0.985067
1.3423
1.29014
0.953411
1.35146
0.890266
0.977129
0.950523
1.15733
1.12981
1.27699
1.27249
1.24839
1.14783
0.993907
1.25332
0.943939
0.985884
1.05223
0.947614
0.745396
1.23164
1.0896
0.997666
0.952845
0.907803
1.25384
0.895148
1.14769
1.08147
0.904025
0.96576
0.995153
0.975991
0.855219
0.993907
0.665951
0.996902
1.0627
0.909526
0.875176
0.884466
1.2587
0.937123
1.32168
0.895629
0.915708
1.25185
1.17116
1.18637
0.821273
0.916127
0.994907
1.07491
0.951465
1.09614
1.27738
1.26227
0.985806
0.80328
0.912797
1.32636
1.01542
0.908842
0.878613
1.08147
1.0068
0.904025
1.08021
1.18896
0.461785
0.955453
1.20838
0.987764
0.85337
0.899785
0.992256
1.0983
1.14783
1.17116
0.899785
1.14976
1.08974
1.00419
0.727793
1.20801
1.21298
1.06125
0.849091
1.21447
0.975991
0.906363
1.09975
1.2587
1.13286
0.491858
1.31127
0.981583
1.01148
0.907803
1.32552
1.16614
1.0649
0.947614
0.855005
1.0896
1.2017
1.12016
1.02812
1.0521
1.32504
0.688287
1.26153
1.18231
0.917351
0.992256
0.90521
0.927512
1.0896
1.19525
0.947614
1.10442
0.912491
1.10773
1.00744
1.04463
0.903789
1.05657
1.18896
1.08869
1.13716
1.22607
1.11333
1.11873
1.09141
1.23618
1.13139
1.27662
0.964163
0.997542
0.954053
1.00689
0.880478
1.08785
1.30562
0.997725
1.24411
1.32214
1.13485
0.821273
1.22281
1.18637
0.772107
1.24411
1.0998
1.13272
0.86124
1.19483
1.15733
1.24839
1.12981
0.99854
0.884466
1.15821
1.05887
1.15733
0.850658
0.950632
1.32767
1.31994
1.23618
1.02752
1.2017
0.909526
1.21298
1.26373
0.720132
1.00689
1.05114
0.83498
1.0965
1.07491
1.13089
0.956003
1.10528
1.15821
1.28996
0.907204
0.914333
1.29123
1.32636
1.25521
1.18896
0.850658
0.829204
0.739207
1.11333
1.11273
1.10614
1.31127
1.01438
1.13891
1.05657
0.884466
0.982019
0.834116
0.963292
1.1464
0.998767
0.955779
1.17315
1.13716
1.28326
0.943801
0.955779
0.984115
1.13423
0.750576
0.801102
0.956523
1.0636
0.683371
1.08021
1.2017
1.0636
1.20801
1.19602
0.821273
1.2279
1.12291
0.904025
1.13272
1.08788
1.13089
0.894673
0.914906
1.11333
1.23288
0.867673
0.909575
1.273
1.11851
1.32168
0.918229
1.13934
1.3423
1.23109
1.11851
1.10773
0.957623
0.696218
1.35146
0.589206
0.989208
1.11688
0.894031
0.87827
1.2587
1.10528
1.21685
1.08037
0.860017
0.855708
1.23618
1.32214
0.989506
1.32529
0.878628
1.13485
0.986952
1.00091
0.945497
1.31994
0.881899
1.26153
1.13032
1.01313
0.920338
0.94614
1.32274
1.0896
1.22281
1.23481
1.15963
1.3524
0.973003
1.23959
1.10345
0.993058
1.13458
1.07168
1.27845
1.26043
1.13286
0.87688
1.0649
0.249015
1.16682
1.12233
0.984115
1.17212
1.25521
0.916953
0.981575
1.14769
0.952845
0.673485
1.14769
0.580068
1.32529
0.868276
0.945497
0.879791
1.13716
0.845806
0.985806
0.955132
1.10442
0.965539
0.916127
0.851613
1.17308
1.11333
1.1745
1.25016
1.32636
1.29156
0.952191
0.954053
0.887782
0.916127
0.900305
1.18088
1.15053
0.928872
1.28996
0.850658
0.850658
1.10614
1.20489
1.16682
1.10886
1.28973
0.848725
1.04052
1.01438
1.18231
1.11891
0.952845
1.24659
1.0983
1.05223
0.856885
0.953411
1.15053
1.13533
0.953411
0.71213
1.11429
1.04683
0.878613
0.914837
0.985067
1.3524
0.954348
1.22412
0.901657
0.865426
1.23164
1.08785
0.856885
0.881012
1.31127
1.24734
0.83498
1.17308
1.13891
0.91842
0.878293
1.18358
1.35146
1.14132
0.856793
0.897959
1.01579
0.998767
1.25868
0.59647
1.06877
1.09442
1.2017
1.25897
1.16151
1.17706
1.15963
0.909282
1.04463
0.997542
1.28881
1.1842
1.29123
1.04463
0.968559
1.35146
0.997353
1.17856
1.32214
0.931294
0.603804
1.3423
1.08424
0.996902
0.801102
1.24397
1.09614
0.901657
0.943939
1.14866
0.452617
1.0068
1.20838
1.18193
1.20489
1.26153
1.23702
0.909282
0.883595
0.938865
1.28872
1.29019
0.995153
1.2371
1.10297
0.61499
1.08974
1.11176
1.13891
1.11661
1.26153
0.918499
0.964163
0.955453
0.743145
0.704077
1.03339
0.997666
1.00419
0.998857
0.975578
1.0057
0.909526
0.975991
1.31971
1.31127
0.918499
0.927512
0.850979
0.901657
0.949517
1.17856
1.14493
1.03174
1.07147
0.961917
0.83498
1.3524
0.976754
0.920155
1.05114
0.976487
1.16586
1.00419
0.906886
0.861698
1.23164
0.979658
0.59647
0.985884
1.32504
1.11994
0.854654
1.1387
0.496747
1.32458
0.320163
0.975578
0.914837
0.767523
1.03339
0.908842
1.22607
0.904025
1.28514
0.956829
1.32842
1.31887
1.12291
0.902689
1.18951
1.11891
1.13716
1.10442
0.654369
1.1001
1.12233
1.0627
1.24411
0.938865
1.12233
0.954766
1.32504
1.23618
1.31887
1.24397
0.895629
0.904025
0.963155
1.18637
1.01313
1.0983
0.962192
1.00247
0.912797
1.07491
0.720565
1.24525
0.971811
0.856212
0.906886
0.979658
1.3524
1.05114
1.22412
1.25016
1.30562
1.28881
0.83498
0.895629
0.985067
0.743145
1.0636
1.11333
1.35146
0.827278
1.10773
1.02483
0.881012
1.00689
1.32842
1.09569
1.17856
1.17386
0.861698
0.904025
1.26227
1.11176
1.3266
0.861698
1.08706
0.904025
0.740384
1.14906
0.953411
0.927512
1.11429
0.909526
1.11891
0.963292
1.0896
1.12291
0.908842
1.03174
1.28024
0.90236
0.990293
1.32504
0.935627
0.936574
0.875038
1.33016
1.20489
0.924258
1.13891
0.951052
1.08147
0.859727
1.14136
1.19043
1.03499
1.05223
0.909575
1.18088
1.1464
1.27845
0.84874
1.13089
1.18846
1.27738
0.875038
0.567202
1.32552
1.10442
1.0649
1.04683
0.665951
1.14132
1.14976
0.836393
0.926206
1.09442
1.05223
1.27071
1.13286
1.06125
0.868276
0.947614
0.854547
1.12981
1.25897
0.939414
1.1853
1.32842
0.854547
1.1707
1.32504
1.13458
0.977129
1.23288
1.19525
1.01148
1.28936
1.09442
1.0068
0.851613
1.10442
0.868513
0.985526
1.28514
1.14892
0.994907
0.659365
0.991317
0.880478
1.09529
0.665951
1.12981
1.31887
0.916953
1.11176
0.961917
1.23164
1.32168
0.954766
0.295225
0.923272
1.25897
0.914837
1.08021
0.980081
1.24861
1.00689
1.19525
1.10936
0.945497
1.17125
1.04628
0.833093
0.923272
1.11994
0.984115
1.17528
0.309161
0.894031
0.937213
1.26153
1.29123
1.26227
0.855571
1.10195
1.28024
0.955087
0.979925
0.952191
0.906886
0.831396
1.08775
1.11333
1.15154
0.799796
0.924258
0.998857
1.25521
1.10996
0.952703
1.0983
0.950523
1.29014
0.922195
1.11291
1.29123
0.871218
0.983516
1.0896
1.09141
1.11243
0.980081
0.879791
0.727732
0.861698
0.912797
0.965539
0.984609
0.94614
0.912491
1.13681
1.11429
1.0531
1.18951
0.871218
0.907803
1.12291
0.955132
1.15733
1.11732
1.15154
1.01439
1.17528
0.772107
1.10528
0.938773
1.1464
0.578051
1.2185
0.906363
1.13458
0.853951
0.783659
0.940422
0.946956
0.953411
0.909428
1.31994
0.946697
0.954348
0.95747
0.950523
0.946697
1.3266
1.32504
1.17856
1.13891
0.894598
1.28872
1.32842
0.952845
0.884466
1.10487
1.00447
1.32278
1.06196
0.992051
1.19704
0.950523
0.906363
1.12868
1.05152
1.13458
1.19763
1.00744
1.26153
1.05657
1.29541
1.29123
1.10614
0.875176
1.26227
1.10773
0.945497
1.25868
1.15154
0.981575
1.32168
1.20801
1.3423
1.22281
1.23702
1.03339
0.71213
0.80807
1.33299
1.16682
1.10297
0.749797
0.874694
1.00419
0.801102
0.927031
1.0531
1.10487
1.04463
1.3524
0.848725
1.31887
1.2185
0.720132
0.881012
1.2185
1.05987
0.928872
0.955308
1.13681
0.783659
0.907403
1.0786
1.02231
1.17212
1.10459
1.12178
1.04683
1.13089
1.13934
0.827278
0.922545
1.1001
1.0965
0.881012
1.32504
1.10936
1.17212
1.25897
1.23618
1.03162
0.673485
1.16588
1.04293
0.940234
1.3524
1.17315
0.976487
1.08788
1.04463
0.868574
0.907403
0.963292
1.27249
0.863592
1.29019
0.761105
1.03174
1.18358
1.24734
0.936574
1.25016
0.912797
0.850658
1.07147
1.02752
0.946956
1.04052
1.1745
1.04463
1.07491
1.20489
1.10886
1.32767
