0.267384 
0.284774 
0.356049 
0.283619 
0.296229 
0.490511 
0.229286 
0.210691 
0.600923 
0.216718 
0.313512 
0.331996 
0.201431 
0.38799 
0.28832 
0.239561 
0.210202 
0.203273 
0.297007 
0.41922 
0.269188 
0.18013 
0.414922 
0.278411 
0.2679 
0.282883 
0.557066 
0.259467 
0.241863 
0.286454 
0.226603 
0.398273 
0.252496 
0.234198 
0.385308 
0.296424 
0.341497 
0.285532 
0.346665 
0.30807 
0.332528 
0.579342 
0.378923 
0.270837 
0.357924 
0.24525 
0.247145 
0.250364 
0.261603 
0.426243 
0.361721 
0.397902 
0.419353 
0.288821 
0.30218 
0.568821 
0.297903 
0.23387 
0.620651 
0.243791 
0.247475 
0.273482 
0.287581 
0.260432 
0.198179 
0.371573 
0.496703 
0.211108 
0.311551 
0.338271 
0.243288 
0.236259 
0.219653 
0.248877 
0.294142 
0.303914 
0.234676 
0.2672 
0.21378 
0.211503 
0.229565 
0.580846 
0.236977 
0.325778 
0.467061 
0.302804 
0.259712 
0.265451 
0.289227 
0.274703 
0.252382 
0.290484 
0.539979 
0.272558 
0.234747 
0.345937 
0.201503 
0.28052 
0.347019 
0.313314 
0.229203 
0.472047 
0.262749 
0.264555 
0.203978 
0.309725 
0.530349 
0.184058 
0.184733 
0.264133 
0.243053 
0.253401 
0.48625 
0.357919 
0.407971 
0.355079 
0.212349 
0.322952 
0.257227 
0.218339 
0.339676 
0.255062 
0.516239 
0.354634 
0.207867 
0.344109 
0.250766 
0.244197 
0.270125 
0.328869 
0.397679 
0.378526 
0.226976 
0.230039 
0.63116 
0.231441 
0.466506 
0.466314 
0.234846 
0.270521 
0.268594 
0.276463 
0.285961 
0.265218 
0.269476 
0.270059 
0.258935 
0.25336 
0.579439 
0.254871 
0.233661 
0.263918 
0.380934 
0.243282 
0.374449 
0.25909 
0.279778 
0.257126 
0.352416 
0.523252 
0.221738 
0.227716 
0.2523 
0.392939 
0.499368 
0.509059 
0.253691 
0.206021 
0.214179 
0.299635 
0.337597 
0.423853 
0.278034 
0.306915 
0.33829 
0.437644 
0.280845 
0.753087 
0.458981 
0.417281 
0.266635 
0.255483 
0.456722 
0.228278 
0.282693 
0.207812 
0.334371 
0.451077 
0.235438 
0.278046 
0.311047 
0.279833 
0.239691 
0.274686 
0.467834 
0.21457 
0.20703 
0.245964 
0.624771 
0.357127 
0.452945 
0.35055 
0.349763 
0.190939 
0.308337 
0.310891 
0.19734 
0.357458 
0.215986 
0.216683 
0.326518 
0.342459 
0.241391 
0.447137 
0.230225 
0.302035 
0.245513 
0.268269 
0.260795 
0.281194 
0.23291 
0.298952 
0.582261 
0.371698 
0.594698 
0.386921 
0.514484 
0.22654 
0.316988 
0.380258 
0.240934 
0.2728 
0.643093 
0.206515 
0.49514 
0.298861 
0.41941 
0.221646 
0.353264 
0.251741 
0.260877 
0.295417 
0.368086 
0.284276 
0.212982 
0.244969 
0.240785 
0.426846 
0.231493 
0.473795 
0.479445 
0.325459 
0.325893 
0.228995 
0.50258 
0.204355 
0.25154 
0.296267 
0.203336 
0.286565 
0.257524 
0.464271 
0.321147 
0.284216 
0.252281 
0.363552 
0.259845 
0.315564 
0.507939 
0.249306 
0.227295 
0.428412 
0.249606 
0.257536 
0.245146 
0.446254 
0.229951 
0.241818 
0.265289 
0.207746 
0.228682 
0.389679 
0.418154 
0.254284 
0.245064 
0.222747 
0.238419 
0.212612 
0.476642 
0.289495 
0.233791 
0.424954 
0.279413 
0.322464 
0.591643 
0.247355 
0.442055 
0.326129 
0.258062 
0.209189 
0.381477 
0.266433 
0.410528 
0.353944 
0.573451 
0.239388 
0.279859 
0.503274 
0.340508 
0.246729 
0.437642 
0.364044 
0.207348 
0.235472 
0.221542 
0.349627 
0.255432 
0.3925 
0.207558 
0.262368 
0.264056 
0.378777 
0.318019 
0.243071 
0.214964 
0.508045 
0.218574 
0.281938 
0.249937 
0.333673 
0.238444 
0.259867 
0.244093 
0.204358 
0.325788 
0.306598 
0.363794 
0.315585 
0.230921 
0.273962 
0.213678 
0.220715 
0.275478 
0.268595 
0.494485 
0.289453 
0.429376 
0.299385 
0.445545 
0.227005 
0.263792 
0.21373 
0.221391 
0.251389 
0.409825 
0.210131 
0.476986 
0.304064 
0.236415 
0.27449 
0.19645 
0.222924 
0.244245 
0.218081 
0.201147 
0.389695 
0.281674 
0.225403 
0.259587 
0.510292 
0.248252 
0.494188 
0.233698 
0.205634 
0.387084 
0.25003 
0.227214 
0.250097 
0.595164 
0.292225 
0.294205 
0.318531 
0.244226 
0.288171 
0.469309 
0.289995 
0.210628 
0.43122 
0.213967 
0.334854 
0.186924 
0.607854 
0.407048 
0.522735 
0.262424 
0.190914 
0.207333 
0.324209 
0.245312 
0.273069 
0.299652 
0.404514 
0.441645 
0.336466 
0.384737 
0.464185 
0.267919 
0.376302 
0.250508 
0.334739 
0.223415 
0.269197 
0.496186 
0.205416 
0.309241 
0.207916 
0.300892 
0.526738 
0.251807 
0.449724 
0.37745 
0.419618 
0.253731 
0.230898 
0.206552 
0.271951 
0.354552 
0.197284 
0.536612 
0.593811 
0.285706 
0.298298 
0.353982 
0.204162 
0.725948 
0.240465 
0.242466 
0.26635 
0.512214 
0.277235 
0.24435 
0.193206 
0.27078 
0.265365 
0.424115 
0.405085 
0.398815 
0.445846 
0.21907 
0.461021 
0.31207 
0.331795 
0.350071 
0.463999 
0.39566 
0.31186 
0.423954 
0.23882 
0.246447 
0.297703 
0.616491 
0.413461 
0.392983 
0.28687 
0.519188 
0.470693 
0.194966 
0.246439 
0.234871 
0.683213 
0.363931 
0.257757 
0.378667 
0.418841 
0.312974 
0.354838 
0.223925 
0.333777 
0.406329 
0.480966 
0.276878 
0.19984 
0.207174 
0.34096 
0.241253 
0.260316 
0.371558 
0.514485 
0.47167 
0.228638 
0.287014 
0.314797 
0.389832 
0.259605 
0.256694 
0.228505 
0.256474 
0.329514 
0.332918 
0.431886 
0.339893 
0.259531 
0.20817 
0.291852 
0.47904 
0.248584 
0.430498 
0.234132 
0.314023 
0.207959 
0.327006 
0.313621 
0.238358 
0.284725 
0.588757 
0.287886 
0.234935 
0.285368 
0.55826 
0.542499 
0.282956 
0.194821 
0.411858 
0.355613 
0.480871 
0.212236 
0.205701 
0.291374 
0.357407 
0.210661 
0.327621 
0.240379 
0.268115 
0.538953 
0.450127 
0.276851 
0.344587 
0.271263 
0.257489 
0.516436 
0.24161 
0.354988 
0.536177 
0.41353 
0.344428 
0.251009 
0.381363 
0.279132 
0.4175 
0.202106 
0.309713 
0.243708 
0.362119 
0.534368 
0.195407 
0.289287 
0.248676 
0.30469 
0.288498 
0.236768 
0.458293 
0.239891 
0.219253 
0.215196 
0.336246 
0.351772 
0.260813 
0.633965 
0.22589 
0.574945 
0.22414 
0.206678 
0.207 
0.27802 
0.448231 
0.221656 
0.223955 
0.252251 
0.21885 
0.406849 
0.38067 
0.3296 
0.333222 
0.281945 
0.586053 
0.502264 
0.22087 
0.349867 
0.371137 
0.266693 
0.206662 
0.30832 
0.422925 
0.276033 
0.366474 
0.245842 
0.205553 
0.296785 
0.231178 
0.23849 
0.534689 
0.270499 
0.217174 
0.31718 
0.215946 
0.232385 
0.381903 
0.205578 
0.651842 
0.424549 
0.205895 
0.253891 
0.219685 
0.496636 
0.246364 
0.459155 
0.285698 
0.321111 
0.304925 
0.243005 
0.423419 
0.422306 
0.343082 
0.199077 
0.380429 
0.358801 
0.284749 
0.220347 
0.410933 
0.294166 
0.282522 
0.296046 
0.216976 
0.279377 
0.357298 
0.390343 
0.231893 
0.478191 
0.299791 
0.333777 
0.39646 
0.290929 
0.436471 
0.211047 
0.275724 
0.332076 
0.308397 
0.212048 
0.222019 
0.247359 
0.338915 
0.225257 
0.284058 
0.310161 
0.236925 
0.28319 
0.279861 
0.383991 
0.279157 
0.246779 
0.203294 
0.433352 
0.238384 
0.275891 
0.216544 
0.222776 
0.22283 
0.435118 
0.448379 
0.505459 
0.257639 
0.458733 
0.535933 
0.22503 
0.206355 
0.236572 
0.263586 
0.253527 
0.233963 
0.321662 
0.413356 
0.352043 
0.274932 
0.364155 
0.234915 
0.298673 
0.209082 
0.246769 
0.334232 
0.314043 
0.277006 
0.216877 
0.622919 
0.251879 
0.234065 
0.453121 
0.318815 
0.237366 
0.281725 
0.317477 
0.267148 
0.270425 
0.352209 
0.456729 
0.366537 
0.283774 
0.195196 
0.354758 
0.386891 
0.258981 
0.384804 
0.232413 
0.388973 
0.211727 
0.229857 
0.233431 
0.542853 
0.2006 
0.534675 
0.444608 
0.229615 
0.394862 
0.266693 
0.225979 
0.254869 
0.230304 
0.272659 
0.215337 
0.23362 
0.237625 
0.213184 
0.358705 
0.249315 
0.530841 
0.277928 
0.25828 
0.211727 
0.262835 
0.201121 
0.296958 
0.202534 
0.286885 
0.221306 
0.236748 
0.312632 
0.2875 
0.417074 
0.215182 
0.337703 
0.209177 
0.271556 
0.429638 
0.491837 
0.236083 
0.342827 
0.230342 
0.269992 
0.305743 
0.206507 
0.635736 
0.298715 
0.302853 
0.22219 
0.222172 
0.381323 
0.277977 
0.444097 
0.494902 
0.292954 
0.304291 
0.224346 
0.349462 
0.253347 
0.193832 
0.262739 
0.185187 
0.297317 
0.266329 
0.234549 
0.445299 
0.254015 
0.300157 
0.286575 
0.319892 
0.263014 
0.323872 
0.288515 
0.231545 
0.333169 
0.25209 
0.380345 
0.579751 
0.220997 
0.322967 
0.498771 
0.232516 
0.260964 
0.410534 
0.256591 
0.243573 
0.25873 
0.543644 
0.357604 
0.343249 
0.209439 
0.464133 
0.44059 
0.267747 
0.435098 
0.304288 
0.280299 
0.325049 
0.199448 
0.493337 
0.250075 
0.193571 
0.378274 
0.311573 
0.354125 
0.202456 
0.38596 
0.278996 
0.390856 
0.250466 
0.26483 
0.257739 
0.308858 
0.224065 
0.311514 
0.304781 
0.251293 
0.244034 
0.247073 
0.483718 
0.314327 
0.247129 
0.309659 
0.270694 
0.204477 
0.266166 
0.368407 
0.628714 
0.430365 
0.288849 
0.641051 
0.359091 
0.267641 
0.664179 
0.229076 
0.611511 
0.350081 
0.336093 
0.28442 
0.277717 
0.20835 
0.282447 
0.221177 
0.456532 
0.303402 
0.528721 
0.218076 
0.233167 
0.636176 
0.273825 
0.190359 
0.557937 
0.208699 
0.426347 
0.44529 
0.558525 
0.278583 
0.244202 
0.268026 
0.258802 
0.257468 
0.296148 
0.488403 
0.341189 
0.263619 
0.21015 
0.258126 
0.291921 
0.334322 
0.271639 
0.277082 
0.274183 
0.54174 
0.373946 
0.238505 
0.398868 
0.281342 
0.304802 
0.220975 
0.201534 
0.317067 
0.24501 
0.26653 
0.403872 
0.234691 
0.534843 
0.558737 
0.212488 
0.427502 
0.224589 
0.28396 
0.272309 
0.356609 
0.376152 
0.410306 
0.306009 
0.242626 
0.241801 
0.211984 
0.212052 
0.237212 
0.385622 
0.314485 
0.269181 
0.203945 
0.249733 
0.338965 
0.430968 
0.211471 
0.256651 
0.538457 
0.214592 
0.257036 
0.208824 
0.415457 
0.224929 
0.288469 
0.278143 
0.218673 
0.198005 
0.229092 
0.313714 
0.601243 
0.591619 
0.258999 
0.402064 
0.288941 
0.201008 
0.371368 
0.300108 
0.240287 
0.254216 
0.2497 
0.257128 
0.337887 
0.318306 
0.260445 
0.196461 
0.265388 
0.249885 
0.26559 
0.242556 
0.203264 
0.550978 
0.62427 
0.256521 
0.502256 
0.71548 
0.273733 
0.247596 
0.240666 
0.267261 
0.257546 
0.28347 
0.199292 
0.341713 
0.249409 
0.25888 
0.232084 
0.250904 
0.254151 
0.236108 
0.232594 
0.301902 
0.245129 
0.263039 
0.489786 
0.327387 
0.41837 
0.251846 
0.238165 
0.341879 
0.248552 
0.199698 
0.241222 
0.303493 
0.414725 
0.294252 
0.341997 
0.550788 
0.316334 
0.305936 
0.247681 
0.208702 
0.673874 
0.370634 
